#1 AntPos X	#2 AntPos Y	#3 Distance form nest	
0	0	0
0	0	0
0	0	0
0	0	0
0	0	0
0	0	0
0	0	0
0	0	0
0	0	0
0	0	0
0	0	0
0	0	0
0	0	0
0	0	0
0	0	0
0	0	0
0	0	0
0	0	0
0	0	0
0	0	0
0	0	0
0	0	0
0	0	0
0	0	0
-0.000130687	0.0624305	0.0624306
-0.00678726	0.147859	0.148014
-0.0142223	0.241096	0.241515
-0.023159	0.334365	0.335166
-0.0322861	0.423785	0.425013
-0.0494225	0.527974	0.530282
-0.0771661	0.634019	0.638698
-0.108829	0.724091	0.732224
-0.149155	0.8121	0.825684
-0.203117	0.896265	0.918993
-0.27172	0.971021	1.00832
-0.340907	1.05095	1.10486
-0.42223	1.12038	1.1973
-0.510632	1.17291	1.27924
-0.601394	1.21509	1.35577
-0.707632	1.24545	1.43244
-0.80085	1.27972	1.50965
-0.901032	1.31134	1.59106
-1.00928	1.34264	1.67968
-1.11087	1.37807	1.77006
-1.21038	1.40845	1.85708
-1.30548	1.43672	1.94125
-1.40977	1.46064	2.03
-1.51636	1.49093	2.12655
-1.61842	1.51498	2.21685
-1.72129	1.52981	2.30286
-1.82744	1.54522	2.39317
-1.94552	1.56607	2.49752
-2.05344	1.59003	2.59708
-2.15726	1.61169	2.69283
-2.26204	1.64336	2.79597
-2.36454	1.66732	2.89327
-2.46147	1.68869	2.98505
-2.55439	1.71585	3.07718
-2.64698	1.74487	3.17035
-2.73204	1.76945	3.255
-2.83112	1.78177	3.34514
-2.92851	1.78606	3.43019
-3.0269	1.79047	3.5168
-3.1266	1.79507	3.60526
-3.23497	1.80173	3.70287
-3.33717	1.81025	3.79654
-3.43509	1.8214	3.8881
-3.53307	1.8329	3.98022
-3.62429	1.83364	4.06174
-3.71217	1.83363	4.14034
-3.80312	1.83069	4.2208
-3.89807	1.81256	4.29887
-4.00233	1.79767	4.38751
-4.10225	1.77941	4.47154
-4.19561	1.75604	4.54828
-4.29174	1.73215	4.6281
-4.38638	1.70667	4.7067
-4.49194	1.67224	4.79311
-4.57068	1.63474	4.85422
-4.65511	1.59451	4.92062
-4.73574	1.55369	4.98409
-4.82677	1.51158	5.05793
-4.93219	1.47377	5.14766
-5.03316	1.44143	5.23549
-5.12547	1.40387	5.31426
-5.22513	1.37426	5.40283
-5.3136	1.34483	5.48115
-5.40587	1.31535	5.56359
-5.49767	1.28843	5.64663
-5.58482	1.25347	5.72376
-5.67364	1.21658	5.80261
-5.76792	1.17361	5.88611
-5.86089	1.13074	5.96897
-5.95265	1.08788	6.05124
-6.04542	1.04217	6.13459
-6.14061	0.998703	6.22129
-6.22618	0.959848	6.29974
-6.32218	0.916791	6.38831
-6.42346	0.861117	6.48093
-6.52739	0.803236	6.57662
-6.62503	0.74883	6.66721
-6.71161	0.699758	6.74799
-6.79184	0.651255	6.823
-6.87585	0.601318	6.90209
-6.96043	0.553055	6.98237
-7.04639	0.516105	7.06527
-7.12844	0.481212	7.14467
-7.22335	0.442624	7.23689
-7.31675	0.407254	7.32808
-7.40696	0.362554	7.41583
-7.49789	0.316765	7.50458
-7.57812	0.273931	7.58307
-7.66052	0.233533	7.66408
-7.7461	0.190974	7.74845
-7.83704	0.149687	7.83847
-7.9279	0.108274	7.92864
-8.03429	0.0750677	8.03464
-8.14379	0.0461428	8.14392
-8.24183	0.0203788	8.24185
-8.34131	-0.0026115	8.34131
-8.44418	-0.0120117	8.44419
-8.54524	-0.0203091	8.54526
-8.6404	-0.023452	8.64043
-8.73692	-0.0260587	8.73696
-8.83726	-0.0415833	8.83736
-8.9213	-0.048463	8.92143
-9.01326	-0.056797	9.01344
-9.10907	-0.0658391	9.10931
-9.20292	-0.0865202	9.20333
-9.29379	-0.101683	9.29434
-9.38948	-0.126295	9.39033
-9.48588	-0.14896	9.48705
-9.58646	-0.166773	9.58791
-9.68703	-0.18781	9.68885
-9.77713	-0.203577	9.77925
-9.87136	-0.221796	9.87385
-9.96775	-0.246991	9.97081
-10.0649	-0.271617	10.0685
-10.1595	-0.295528	10.1638
-10.2553	-0.312837	10.2601
-10.3613	-0.335357	10.3667
-10.4606	-0.357107	10.4667
-10.5429	-0.367406	10.5493
-10.6376	-0.378015	10.6443
-10.7354	-0.390695	10.7425
-10.8307	-0.40073	10.8381
-10.9268	-0.402972	10.9343
-11.033	-0.408628	11.0405
-11.1193	-0.414145	11.127
-11.209	-0.427435	11.2172
-11.3114	-0.444447	11.3202
-11.4083	-0.458559	11.4176
-11.5118	-0.466599	11.5213
-11.6144	-0.488917	11.6247
-11.7164	-0.509318	11.7274
-11.8174	-0.516696	11.8287
-11.9146	-0.525534	11.9261
-12.0132	-0.533358	12.0251
-12.1167	-0.53767	12.1286
-12.2224	-0.544808	12.2345
-12.3233	-0.555291	12.3358
-12.4275	-0.569325	12.4406
-12.533	-0.587339	12.5468
-12.6377	-0.609002	12.6524
-12.735	-0.627178	12.7504
-12.8329	-0.649681	12.8493
-12.9313	-0.674297	12.9489
-13.0315	-0.693333	13.0499
-13.1343	-0.719498	13.154
-13.2293	-0.742274	13.2501
-13.3347	-0.768843	13.3568
-13.4244	-0.787841	13.4475
-13.5222	-0.807513	13.5463
-13.6153	-0.829842	13.6406
-13.7113	-0.852478	13.7378
-13.8064	-0.888054	13.835
-13.8998	-0.918146	13.9301
-13.984	-0.947799	14.0161
-14.0745	-0.979733	14.1086
-14.171	-0.993665	14.2058
-14.2682	-1.01608	14.3043
-14.3658	-1.04173	14.4035
-14.4566	-1.06855	14.4961
-14.5487	-1.09747	14.59
-14.6332	-1.13538	14.6772
-14.7218	-1.17442	14.7685
-14.8144	-1.2183	14.8644
-14.9012	-1.26547	14.9549
-15.0047	-1.30632	15.0614
-15.101	-1.35025	15.1612
-15.1937	-1.39159	15.2573
-15.2857	-1.43277	15.3527
-15.377	-1.47819	15.4479
-15.4689	-1.52334	15.5437
-15.5692	-1.5638	15.6475
-15.6713	-1.59351	15.7521
-15.7721	-1.62962	15.8561
-15.8541	-1.66878	15.9417
-15.9397	-1.71015	16.0312
-16.0266	-1.75252	16.1221
