#1 AntPos X	#2 AntVel X	#3 AntPos Y	#4 AntVel Y	#5 AntAngle	
0	0	0	0.5	0	
0	0	0	0.5	0	
0	0	0	0.5	0	
0	0	0	0.5	0	
0	0	0	0.5	0	
0	0	0	0.5	0	
0	0	0	0.5	0	
0	0	0	0.5	0	
0	0	0	0.5	0	
0	0	0	0.5	0	
0	0	0	0.5	0	
0	0	0	0.5	0	
0	0	0	0.5	0	
0	0	0	0.5	0	
0	0	0	0.5	0	
0	0	0	0.5	0	
0	0	0	0.5	0	
0	0	0	0.5	0	
0	0	0	0.5	0	
0	0	0	0.5	0	
0	0	0	0.5	0	
0	0	0	0.5	0	
0	0	0	0.5	0	
0	0	0	0.5	0	
0	0	0	0.5	0	
0	0	0	0.5	0	
0	0	0	0.5	0	
0	0	0	0.5	0	
0	0	0	0.5	0	
0	0	0	0.5	0	
0	0	0	0.5	0	
0	0	0	0.5	0	
0	0	0	0.5	0	
0	0	0	0.5	0	
0	0	0	0.5	0	
0	0	0	0.5	0	
0	0	0	0.5	0	
-0.00155054	-0.0310108	0.0626487	1.25297	1.59554	
-0.00397824	-0.0485539	0.144418	1.63538	1.60048	
-0.0074642	-0.0697193	0.235257	1.81679	1.60915	
-0.0170092	-0.1909	0.343085	2.15656	1.65909	
-0.0293566	-0.246948	0.447571	2.0897	1.68842	
-0.0390634	-0.194136	0.552469	2.09798	1.66307	
-0.0504507	-0.227745	0.651698	1.98458	1.68505	
-0.0628799	-0.248584	0.749584	1.95772	1.6971	
-0.0840125	-0.422653	0.845853	1.92536	1.78689	
-0.116355	-0.646845	0.943307	1.94908	1.89123	
-0.166301	-0.998923	1.04162	1.96631	2.04084	
-0.23353	-1.34458	1.12601	1.6878	2.24349	
-0.305103	-1.43146	1.17706	1.02088	2.52208	
-0.389173	-1.6814	1.22244	0.907769	2.64654	
-0.474444	-1.70542	1.268	0.91102	2.65097	
-0.570727	-1.92566	1.29967	0.633563	2.82374	
-0.676695	-2.11935	1.32309	0.468293	2.92413	
-0.776367	-1.99344	1.34248	0.387875	2.94942	
-0.875798	-1.98862	1.35935	0.337294	2.97358	
-0.979522	-2.07449	1.37322	0.277446	3.00864	
-1.07429	-1.89536	1.38445	0.224719	3.02358	
-1.17602	-2.03457	1.38992	0.109286	3.08793	
-1.26942	-1.86807	1.38855	-0.0273529	-3.12695	
-1.36122	-1.83589	1.39258	0.0806268	3.0977	
-1.45432	-1.86215	1.39466	0.0415887	3.11926	
-1.55267	-1.96694	1.39377	-0.0177687	-3.13256	
-1.652	-1.98649	1.39287	-0.0180973	-3.13248	
-1.74841	-1.92819	1.38987	-0.0599637	-3.1105	
-1.84506	-1.93306	1.38788	-0.0397586	-3.12103	
-1.94956	-2.08995	1.38759	-0.00588189	-3.13878	
-2.05548	-2.11854	1.37528	-0.246107	-3.02594	
-2.13594	-1.60913	1.35913	-0.323116	-2.94343	
-2.22513	-1.78372	1.35522	-0.0781325	-3.09782	
-2.31778	-1.85302	1.34922	-0.120015	-3.07692	
-2.41514	-1.9473	1.34514	-0.0815284	-3.09975	
-2.51375	-1.97207	1.34103	-0.0823063	-3.09988	
-2.61162	-1.95757	1.33089	-0.202828	-3.03835	
-2.71032	-1.97392	1.32113	-0.195092	-3.04308	
-2.81231	-2.03976	1.31479	-0.126931	-3.07944	
-2.91168	-1.98736	1.30683	-0.159082	-3.06172	
-3.00715	-1.90955	1.28757	-0.385262	-2.94251	
-3.10368	-1.93045	1.26804	-0.390609	-2.94195	
-3.19595	-1.84549	1.24302	-0.50029	-2.87687	
-3.29114	-1.90389	1.2175	-0.510384	-2.87968	
-3.381	-1.79702	1.19227	-0.504769	-2.86776	
-3.46992	-1.77849	1.17706	-0.304034	-2.97228	
-3.56673	-1.93624	1.16624	-0.216415	-3.03028	
-3.66723	-2.00994	1.15812	-0.16239	-3.06097	
-3.76151	-1.88558	1.15371	-0.0882223	-3.09484	
-3.858	-1.92983	1.15527	0.0310416	3.12551	
-3.95549	-1.94972	1.15732	0.0410882	3.12052	
-4.05003	-1.89085	1.15736	0.000830899	3.14115	
-4.14612	-1.92185	1.1662	0.17673	3.04989	
-4.2533	-2.14362	1.1744	0.164127	3.06518	
-4.35943	-2.1225	1.17565	0.0249769	3.12983	
-4.47	-2.21157	1.16923	-0.128418	-3.08359	
-4.56525	-1.90489	1.17645	0.144334	3.06597	
-4.67339	-2.16284	1.18457	0.16248	3.06661	
-4.77565	-2.04516	1.18998	0.10809	3.08879	
-4.87573	-2.00166	1.18531	-0.0934041	-3.09496	
-4.96188	-1.72303	1.18218	-0.0626118	-3.10527	
-5.05378	-1.83788	1.17893	-0.0649955	-3.10624	
-5.14955	-1.91536	1.1744	-0.0905574	-3.09435	
-5.24862	-1.98145	1.17871	0.0862354	3.0981	
-5.34204	-1.86849	1.19151	0.255903	3.00548	
-5.43871	-1.93344	1.20392	0.248252	3.01389	
-5.53704	-1.96642	1.223	0.38161	2.94991	
-5.63268	-1.91291	1.25292	0.59836	2.83843	
-5.72586	-1.8636	1.28034	0.548385	2.85541	
-5.81415	-1.76572	1.30464	0.48601	2.873	
-5.91585	-2.03411	1.32549	0.417163	2.93931	
-6.01197	-1.92237	1.34482	0.386535	2.94317	
-6.1006	-1.77259	1.35788	0.261096	2.99535	
-6.1941	-1.86994	1.37223	0.287117	2.98924	
-6.29116	-1.94127	1.38845	0.324335	2.97605	
-6.3727	-1.63083	1.38495	-0.0699859	-3.0987	
-6.46601	-1.86614	1.37791	-0.140837	-3.06627	
-6.5636	-1.95187	1.35798	-0.398638	-2.94013	
-6.65927	-1.91336	1.34243	-0.310937	-2.98049	
-6.7534	-1.88264	1.31259	-0.596855	-2.83459	
-6.84531	-1.83823	1.28102	-0.631291	-2.81079	
-6.94678	-2.02925	1.25825	-0.455424	-2.92082	
-7.05018	-2.06803	1.24622	-0.240566	-3.02579	
-7.16267	-2.24979	1.23306	-0.263303	-3.02509	
-7.26858	-2.11822	1.22067	-0.247702	-3.02518	
-7.37043	-2.03701	1.20885	-0.236347	-3.02608	
-7.47868	-2.16509	1.20145	-0.148172	-3.07326	
-7.58082	-2.04268	1.19092	-0.210534	-3.03889	
-7.68323	-2.04825	1.18603	-0.097751	-3.0939	
-7.77963	-1.92801	1.16614	-0.397868	-2.93809	
-7.87828	-1.97297	1.15171	-0.288611	-2.99634	
-7.98518	-2.13796	1.14177	-0.198685	-3.04893	
-8.08918	-2.08001	1.13164	-0.202598	-3.0445	
-8.18892	-1.99478	1.11951	-0.242644	-3.02055	
-8.28733	-1.96816	1.12198	0.0493265	3.11654	
-8.3865	-1.98351	1.12533	0.0671168	3.10777	
-8.48434	-1.95679	1.1338	0.169239	3.05532	
-8.59098	-2.13279	1.15492	0.422522	2.94602	
-8.67868	-1.75394	1.18588	0.61917	2.80223	
-8.75353	-1.49705	1.21367	0.555736	2.78614	
-8.84239	-1.77718	1.26343	0.995262	2.63109	
-8.92864	-1.72503	1.30767	0.884783	2.66767	
-9.01729	-1.77306	1.35367	0.920007	2.66296	
-9.09021	-1.45829	1.40729	1.0724	2.50751	
-9.15746	-1.34513	1.45967	1.04767	2.47988	
-9.21632	-1.17709	1.51834	1.17334	2.35779	
-9.26934	-1.06039	1.57858	1.20476	2.29254	
-9.32473	-1.10785	1.64757	1.37981	2.2473	
-9.38416	-1.18855	1.72132	1.47514	2.24902	
-9.44451	-1.20704	1.79893	1.55216	2.23176	
-9.50496	-1.20893	1.88058	1.633	2.20807	
-9.56486	-1.19813	1.96181	1.62459	2.20625	
-9.62451	-1.1929	2.04268	1.6174	2.20628	
-9.67265	-0.962928	2.11477	1.44184	2.15962	
-9.72599	-1.06665	2.19429	1.59038	2.16158	
-9.77368	-0.953957	2.26982	1.51061	2.13406	
-9.82708	-1.06793	2.34963	1.59612	2.16047	
-9.89697	-1.39787	2.42958	1.59901	2.28918	
-9.96428	-1.34604	2.51081	1.62451	2.26272	
-10.0358	-1.43094	2.59021	1.58801	2.30421	
-10.1065	-1.4134	2.66037	1.40327	2.35979	
-10.1764	-1.39773	2.7344	1.48062	2.32741	
-10.2345	-1.16208	2.81042	1.52029	2.22344	
-10.2927	-1.16396	2.88572	1.50617	2.22873	
-10.3589	-1.32406	2.96634	1.61238	2.25832	
-10.4233	-1.2881	3.03853	1.44367	2.29931	
-10.4913	-1.36068	3.10347	1.29888	2.37943	
-10.5639	-1.45078	3.17055	1.34164	2.39526	
-10.6313	-1.34799	3.23352	1.25927	2.39021	
-10.7038	-1.45125	3.29901	1.30984	2.40736	
-10.7744	-1.41144	3.36634	1.34665	2.37968	
-10.8371	-1.25392	3.43403	1.35382	2.31791	
-10.9107	-1.47281	3.49508	1.22098	2.44941	
-10.9816	-1.41634	3.55194	1.13717	2.46509	
-11.0558	-1.48426	3.61181	1.19747	2.46273	
-11.1449	-1.78362	3.66852	1.13416	2.57521	
-11.2422	-1.94454	3.71854	1.00041	2.66644	
-11.3282	-1.72079	3.767	0.969254	2.62863	
-11.4235	-1.90489	3.81433	0.946488	2.68045	
-11.5106	-1.74318	3.85594	0.832269	2.69615	
-11.6	-1.78865	3.90108	0.902728	2.67419	
-11.6876	-1.7508	3.9465	0.908455	2.66296	
-11.7731	-1.70954	3.99516	0.973134	2.6241	
-11.8597	-1.73231	4.04368	0.970425	2.63096	
-11.944	-1.68558	4.09536	1.03354	2.59155	
-12.0277	-1.67536	4.14625	1.01778	2.59568	
-12.1158	-1.76053	4.20346	1.14423	2.56526	
-12.2016	-1.7163	4.25934	1.1177	2.56436	
-12.282	-1.60941	4.31923	1.19774	2.50181	
-12.3578	-1.51535	4.37593	1.13401	2.49915	
-12.4417	-1.67724	4.43282	1.13788	2.5455	
-12.52	-1.56744	4.48928	1.12923	2.51729	
-12.6056	-1.71038	4.55241	1.26247	2.50574	
-12.699	-1.86865	4.61112	1.17432	2.58053	
-12.7918	-1.85553	4.66218	1.0211	2.63852	
-12.8758	-1.67989	4.71937	1.14383	2.5438	
-12.9509	-1.50219	4.77157	1.04401	2.53424	
-13.0282	-1.54619	4.83591	1.28669	2.44754	
-13.0959	-1.35524	4.90199	1.32161	2.36876	
-13.1726	-1.53372	4.96607	1.28159	2.44551	
-13.2518	-1.58299	5.04199	1.51846	2.377	
-13.3189	-1.34328	5.11823	1.52482	2.29298	
-13.3782	-1.18442	5.19959	1.62713	2.20002	
