#1 AntVel X	#2 AntVel Y	#3 Speed	#4 Turning Angle Rad		#5 Turning Angle Deg	#6 Detected Phero Left	#7 Detected Phero Right	
0	0.5	0.5	0	0	0	0
0	0.5	0.5	0	0	0	0
0	0.5	0.5	0	0	0	0
0	0.5	0.5	0	0	0	0
0	0.5	0.5	0	0	0	0
0	0.5	0.5	0	0	0	0
0	0.5	0.5	0	0	0	0
0	0.5	0.5	0	0	0	0
0	0.5	0.5	0	0	0	0
0	0.5	0.5	0	0	0	0
0	0.5	0.5	0	0	0	0
0	0.5	0.5	0	0	0	0
0	0.5	0.5	0	0	0	0
0	0.5	0.5	0	0	0	0
0	0.5	0.5	0	0	0	0
0	0.5	0.5	0	0	0	0
0	0.5	0.5	0	0	0	0
0	0.5	0.5	0	0	0	0
0	0.5	0.5	0	0	0	0
0	0.5	0.5	0	0	0	0
0	0.5	0.5	0	0	0	0
0	0.5	0.5	0	0	0	0
0	0.5	0.5	0	0	0	0
0	0.5	0.5	0	0	0	0
0	0.5	0.5	0	0	0	0
0	0.5	0.5	0	0	0	0
0	0.5	0.5	0	0	0	0
0	0.5	0.5	0	0	0	0
0	0.5	0.5	0	0	0	0
0	0.5	0.5	0	0	0	0
0	0.5	0.5	0	0	0	0
0	0.5	0.5	0	0	0	0
0	0.5	0.5	0	0	0	0
0	0.5	0.5	0	0	0	0
0	0.5	0.5	0	0	0	0
0	0.5	0.5	0	0	0	0
0	0.5	0.5	0	0	0	0
0	0.5	0.5	0	0	0	0
0	0.5	0.5	0	0	0	0
0	0.5	0.5	0	0	0	0
0	0.5	0.5	0	0	0	0
0	0.5	0.5	0	0	0	0
0	0.5	0.5	0	0	0	0
0	0.5	0.5	0	0	0	0
0	0.5	0.5	0	0	0	0
0	0.5	0.5	0	0	0	0
0	0.5	0.5	0	0	0	0
0	0.5	0.5	0	0	0	0
0	0.5	0.5	0	0	0	0
0	0.5	0.5	0	0	0	0
0	0.5	0.5	0	0	0	0
0	0.5	0.5	0	0	0	0
0	0.5	0.5	0	0	0	0
0	0.5	0.5	0	0	0	0
0	0.5	0.5	0	0	0	0
0	0.5	0.5	0	0	0	0
0	0.5	0.5	0	0	0	0
0	0.5	0.5	0	0	0	0
0	0.5	0.5	0	0	0	0
0	0.5	0.5	0	0	0	0
0	0.5	0.5	0	0	0	0
0	0.5	0.5	0	0	0	0
0	0.5	0.5	0	0	0	0
0	0.5	0.5	0	0	0	0
0	0.5	0.5	0	0	0	0
0	0.5	0.5	0	0	0	0
0	0.5	0.5	0	0	0	0
0	0.5	0.5	0	0	0	0
0	0.5	0.5	0	0	0	0
0	0.5	0.5	0	0	0	0
0	0.5	0.5	0	0	0	0
0	0.5	0.5	0	0	0	0
0	0.5	0.5	0	0	0	0
0	0.5	0.5	0	0	0	0
0	0.5	0.5	0	0	0	0
0	0.5	0.5	0	0	0	0
0	0.5	0.5	0	0	0	0
0	0.5	0.5	0	0	0	0
0	0.5	0.5	0	0	0	0
0	0.5	0.5	0	0	0	0
0	0.5	0.5	0	0	0	0
0	0.5	0.5	0	0	0	0
0	0.5	0.5	0	0	0	0
0	0.5	0.5	0	0	0	0
0	0.5	0.5	0	0	0	0
0.000280728	1.25445	1.25445	0.000223785	0.012822	3.62485	3.62485
-0.025168	1.77621	1.77639	-0.0143923	-0.824618	3.62447	3.62524
0.0983197	2.03602	2.03839	0.0624212	3.57647	3.65067	3.5996
0.0789195	1.76383	1.7656	-0.00353931	-0.202787	3.54264	3.7135
0.288867	1.81838	1.84118	0.11283	6.46467	3.5372	3.71879
0.430007	2.04323	2.08799	0.0498844	2.85817	3.35383	3.97073
0.265779	1.89454	1.91309	-0.0680499	-3.89897	3.2474	4.14532
0.367179	1.92397	1.9587	0.0491987	2.81888	3.29016	4.04372
0.328293	1.92871	1.95645	-0.0199785	-1.14468	3.19324	4.20902
0.351725	1.89237	1.92478	0.0151696	0.869152	3.17653	4.22011
0.519386	1.92107	1.99004	0.0802834	4.5999	3.12137	4.31456
0.800575	1.93259	2.09184	0.12868	7.37283	2.99215	4.60595
1.33355	1.67305	2.1395	0.280227	16.0558	2.82268	5.14196
1.66972	1.27895	2.10326	0.244195	13.9913	2.60607	5.05109
1.75003	1.13712	2.08702	0.0774277	4.43628	2.47758	4.02552
1.74425	0.906546	1.96576	0.0969045	5.55222	2.36696	3.58839
1.9629	0.533377	2.03408	0.213988	12.2606	2.27793	3.18352
2.04649	0.64971	2.14714	-0.0420893	-2.41154	2.24113	2.67535
2.14505	0.524664	2.20828	0.0675278	3.86906	2.10623	2.5547
1.88064	0.483332	1.94176	-0.0116754	-0.668954	2.02496	2.32986
1.99709	0.397444	2.03625	0.0551141	3.1578	1.93634	2.22119
1.98099	0.528595	2.0503	-0.064313	-3.68486	1.87533	2.06981
1.98141	0.468729	2.0361	0.0284652	1.63093	1.78744	2.01569
2.11411	0.507658	2.1742	-0.00337406	-0.193319	1.73512	1.912
1.97449	0.543291	2.04787	-0.0328431	-1.88177	1.67946	1.83404
1.94632	0.445532	1.99666	0.0434768	2.49103	1.6301	1.78336
1.8519	0.395677	1.8937	0.0145381	0.832971	1.59998	1.71001
1.86235	0.416223	1.90829	-0.0093854	-0.537744	1.57133	1.66018
1.94988	0.613993	2.04427	-0.0851773	-4.8803	1.54361	1.62364
1.69386	0.628954	1.80686	-0.0504776	-2.89215	1.51265	1.60897
2.14533	0.516297	2.20659	0.119366	6.83919	1.49299	1.59173
2.17274	0.630631	2.26241	-0.0463161	-2.65372	1.48265	1.53551
2.14526	0.602277	2.2282	0.00878364	0.503265	1.46486	1.51763
1.95862	0.366579	1.99263	0.0886808	5.08103	1.45312	1.49517
1.94504	0.343879	1.97521	0.0100318	0.574778	1.44726	1.47053
1.95823	0.344532	1.98831	0.000831078	0.0476172	1.43948	1.4578
1.99276	0.281728	2.01258	0.0337132	1.93163	1.43263	1.4478
1.87855	0.13181	1.88317	0.0703936	4.03325	1.42769	1.43775
1.92089	0.185592	1.92983	-0.0262676	-1.50502	1.42469	1.42884
1.88627	0.20964	1.89789	-0.014367	-0.823167	1.41989	1.42465
1.85207	0.220396	1.86514	-0.00775722	-0.444456	1.41628	1.42083
1.9415	0.386395	1.97958	-0.0780091	-4.46959	1.41345	1.41752
2.02957	0.434542	2.07557	-0.0144689	-0.829008	1.41032	1.41598
2.29945	0.323073	2.32204	0.0713345	4.08716	1.40833	1.41333
2.38477	0.301821	2.4038	0.0136942	0.784618	1.40707	1.40967
1.93887	0.0890116	1.94091	0.0800154	4.58454	1.40565	1.4075
1.87875	-0.0104289	1.87878	0.0514278	2.9466	1.40506	1.40561
1.96874	-0.0367309	1.96908	0.013104	0.750804	1.40444	1.40438
1.97225	-0.0731988	1.97361	0.0184425	1.05668	1.4037	1.40355
2.09813	-0.0391811	2.09849	-0.0184252	-1.05569	1.40311	1.40286
1.6539	0.136264	1.6595	-0.100876	-5.77976	1.40247	1.40236
1.827	0.149836	1.83314	0.000374636	0.0214651	1.40187	1.40225
2.04865	0.202049	2.05859	-0.0164786	-0.944155	1.40156	1.40188
1.96779	0.357025	1.99992	-0.081174	-4.65093	1.40125	1.40156
1.98557	0.182867	1.99398	0.0876428	5.02156	1.40095	1.40142
1.81127	0.273979	1.83188	-0.0582862	-3.33955	1.40085	1.40104
2.07211	0.0791979	2.07362	0.111923	6.4127	1.40067	1.40094
2.13627	-0.0477378	2.1368	0.060545	3.46897	1.40061	1.40066
2.04498	-0.099016	2.04738	0.0260386	1.4919	1.40053	1.4005
2.22523	-0.27356	2.24198	0.0739406	4.23649	1.40044	1.4004
2.32228	-0.35155	2.34874	0.0279185	1.59961	1.40039	1.40029
2.13643	-0.322779	2.16068	-0.000291021	-0.0166743	1.40032	1.40023
2.02223	-0.14385	2.02734	-0.0789345	-4.52262	1.40026	1.40018
2.10277	0.018457	2.10285	-0.079792	-4.57175	1.40019	1.40016
2.06551	0.0534943	2.06621	-0.0171158	-0.980661	1.40014	1.40014
1.9105	0.126705	1.9147	-0.0403303	-2.31075	1.40011	1.40012
1.92599	0.0923243	1.9282	0.0183238	1.04988	1.40009	1.4001
2.01184	0.275714	2.03064	-0.0882981	-5.05911	1.40007	1.40008
2.03192	0.168175	2.03887	0.0536193	3.07216	1.40006	1.40008
1.99152	0.173198	1.99904	-0.00417095	-0.238978	1.40005	1.40006
1.98172	0.194113	1.9912	-0.0108914	-0.624031	1.40004	1.40005
1.96822	-0.0691185	1.96943	0.132744	7.60564	1.40003	1.40004
1.92697	-0.0560155	1.92778	-0.00604185	-0.346173	1.40003	1.40003
2.01516	0.0209858	2.01527	-0.0394746	-2.26173	1.40002	1.40002
2.04072	0.053966	2.04143	-0.0160249	-0.918159	1.40002	1.40002
1.92194	-0.00733979	1.92196	0.0302574	1.73362	1.40002	1.40002
1.95785	-0.00570006	1.95786	-0.000907545	-0.0519985	1.40001	1.40001
1.92453	0.0758119	1.92602	-0.0422835	-2.42267	1.40001	1.40001
2.31578	0.139655	2.31999	-0.0208605	-1.19522	1.40001	1.40001
2.17437	0.19328	2.18294	-0.0284245	-1.6286	1.40001	1.40001
2.25392	0.240257	2.26669	-0.0175372	-1.0048	1.40001	1.40001
2.27287	0.224542	2.28394	0.00772143	0.442405	1.4	1.40001
2.16111	-0.0674646	2.16216	0.12968	7.43013	1.4	1.4
2.21736	-0.00951832	2.21738	-0.0269148	-1.5421	1.4	1.4
2.12649	0.062122	2.1274	-0.0334977	-1.91928	1.4	1.4
2.02427	-0.073426	2.0256	0.0654621	3.7507	1.4	1.4
2.14982	-0.244578	2.16369	0.0770227	4.41308	1.4	1.4
1.99907	-0.245032	2.01403	0.00868518	0.497624	1.4	1.4
1.80509	-0.298299	1.82957	0.0418092	2.39549	1.4	1.4
1.86807	0.0500705	1.86874	-0.190571	-10.9189	1.4	1.4
1.98345	0.123683	1.9873	-0.0354799	-2.03285	1.4	1.4
2.1054	0.257002	2.12103	-0.0591903	-3.39135	1.4	1.4
2.02488	0.330522	2.05168	-0.0403363	-2.3111	1.4	1.4
2.04734	0.426074	2.09121	-0.043379	-2.48544	1.4	1.4
1.89567	0.450711	1.94851	-0.0282422	-1.61816	1.4	1.4
2.09563	0.345614	2.12394	0.0699745	4.00924	1.4	1.4
2.10629	0.307557	2.12862	0.0184564	1.05747	1.4	1.4
2.03365	0.367057	2.06651	-0.0335753	-1.92372	1.4	1.4
2.07769	0.204939	2.08778	0.0802493	4.59795	1.4	1.4
1.99695	0.136944	2.00164	0.0298504	1.7103	1.4	1.4
1.91292	0.292337	1.93513	-0.0831794	-4.76583	1.4	1.4
2.16807	0.27993	2.18606	0.0232443	1.3318	1.4	1.4
2.16107	0.230715	2.17335	0.0220475	1.26323	1.4	1.4
2.03527	0.191532	2.04426	0.0125271	0.71775	1.4	1.4
2.07808	0.149371	2.08344	0.0220738	1.26473	1.4	1.4
1.84218	0.177581	1.85072	-0.0243441	-1.39482	1.4	1.4
1.85781	0.126117	1.86208	0.0283193	1.62257	1.4	1.4
1.93573	0.111777	1.93895	0.0101009	0.578737	1.4	1.4
1.87531	-0.0660456	1.87647	0.092884	5.32186	1.4	1.4
1.95985	-0.0612503	1.9608	-0.00396153	-0.226979	1.4	1.4
2.09532	-0.159918	2.10141	0.0449317	2.5744	1.4	1.4
1.97494	0.00115268	1.97494	-0.0767578	-4.3979	1.4	1.4
2.02976	0.0107885	2.02979	-0.00473147	-0.271093	1.4	1.4
2.02583	-0.057552	2.02665	0.0337165	1.93181	1.4	1.4
2.07808	-0.0924792	2.08014	0.0160715	0.92083	1.4	1.4
