#1 AntVel X	#2 AntVel Y	#3 Speed	#4 Turning Angle Rad		#5 Turning Angle Deg	#6 Detected Phero Left	#7 Detected Phero Right	
0	0.5	0.5	0	0	0	0
0	0.5	0.5	0	0	0	0
0	0.5	0.5	0	0	0	0
0	0.5	0.5	0	0	0	0
0	0.5	0.5	0	0	0	0
0	0.5	0.5	0	0	0	0
0	0.5	0.5	0	0	0	0
0	0.5	0.5	0	0	0	0
0	0.5	0.5	0	0	0	0
0	0.5	0.5	0	0	0	0
0	0.5	0.5	0	0	0	0
0	0.5	0.5	0	0	0	0
0	0.5	0.5	0	0	0	0
0	0.5	0.5	0	0	0	0
0	0.5	0.5	0	0	0	0
0	0.5	0.5	0	0	0	0
0	0.5	0.5	0	0	0	0
0	0.5	0.5	0	0	0	0
0	0.5	0.5	0	0	0	0
0	0.5	0.5	0	0	0	0
0	0.5	0.5	0	0	0	0
0	0.5	0.5	0	0	0	0
0	0.5	0.5	0	0	0	0
0	0.5	0.5	0	0	0	0
0	0.5	0.5	0	0	0	0
0	0.5	0.5	0	0	0	0
0	0.5	0.5	0	0	0	0
0	0.5	0.5	0	0	0	0
0	0.5	0.5	0	0	0	0
0	0.5	0.5	0	0	0	0
0	0.5	0.5	0	0	0	0
0	0.5	0.5	0	0	0	0
0	0.5	0.5	0	0	0	0
0	0.5	0.5	0	0	0	0
0	0.5	0.5	0	0	0	0
0	0.5	0.5	0	0	0	0
0	0.5	0.5	0	0	0	0
0	0.5	0.5	0	0	0	0
0	0.5	0.5	0	0	0	0
0	0.5	0.5	0	0	0	0
0	0.5	0.5	0	0	0	0
0	0.5	0.5	0	0	0	0
0	0.5	0.5	0	0	0	0
0	0.5	0.5	0	0	0	0
0	0.5	0.5	0	0	0	0
0	0.5	0.5	0	0	0	0
0	0.5	0.5	0	0	0	0
0	0.5	0.5	0	0	0	0
0	0.5	0.5	0	0	0	0
0	0.5	0.5	0	0	0	0
0	0.5	0.5	0	0	0	0
0	0.5	0.5	0	0	0	0
0	0.5	0.5	0	0	0	0
-0.103823	1.4293	1.43307	-0.0725114	-4.1546	3.62485	3.62485
-0.237737	1.90546	1.92024	-0.0516131	-2.95721	3.75963	3.50451
-0.244354	2.08033	2.09464	0.00720138	0.412609	3.88961	3.40638
-0.258323	2.04116	2.05744	-0.00896431	-0.513617	3.91303	3.3846
-0.302133	2.0184	2.04089	-0.0226986	-1.30053	3.9704	3.34163
-0.725783	1.77765	1.9201	-0.23904	-13.696	4.06416	3.27848
-0.804562	1.79294	1.96519	-0.0341788	-1.9583	4.78791	2.98748
-1.13139	1.82213	2.14481	-0.133855	-7.66931	5.05724	2.88585
-1.34096	1.47605	1.99421	-0.18182	-10.4175	5.7082	2.72164
-1.58787	1.13056	1.94923	-0.214581	-12.2946	4.77662	2.57394
-1.66829	1.11824	2.0084	-0.0282301	-1.61746	3.90379	2.46663
-1.78446	0.973024	2.0325	-0.0912965	-5.23091	3.59878	2.35374
-1.75984	0.843093	1.95136	-0.0524414	-3.00467	3.19688	2.26028
-1.79283	1.00106	2.05338	0.0624793	3.5798	2.92212	2.17081
-2.06051	0.752696	2.19369	-0.159011	-9.11068	2.83995	2.05904
-1.70784	0.759685	1.86918	0.0683038	3.91352	2.46421	2.00249
-1.63232	0.648526	1.75643	-0.0403595	-2.31243	2.41309	1.91021
-1.80889	0.842811	1.9956	0.0578387	3.31391	2.26396	1.85682
-1.92215	0.537559	1.9959	-0.163321	-9.35759	2.20628	1.78356
-1.91748	0.535058	1.99073	-0.000577652	-0.033097	1.98371	1.75807
-1.89438	0.484352	1.95532	-0.0218051	-1.24934	1.90212	1.70494
-2.18485	0.605582	2.26722	0.0200707	1.14997	1.82105	1.6632
-2.09318	0.52642	2.15836	-0.0240033	-1.37529	1.76002	1.61445
-2.03768	0.480877	2.09365	-0.0146304	-0.838259	1.69357	1.58109
-2.1625	0.284527	2.18114	-0.100931	-5.78292	1.64207	1.55229
-2.07678	0.294487	2.09756	0.0100393	0.575208	1.57771	1.53589
-2.15743	0.276968	2.17514	-0.0131804	-0.755179	1.54895	1.51113
-2.0218	0.297471	2.04356	0.0184039	1.05446	1.52028	1.49188
-2.00031	0.2201	2.01238	-0.0364916	-2.09082	1.50183	1.47461
-2.1159	0.411053	2.15546	0.0822858	4.71463	1.48074	1.46377
-2.0848	0.319801	2.10918	-0.0396684	-2.27283	1.47303	1.44824
-2.01946	0.328923	2.04607	0.00924908	0.529933	1.45691	1.44083
-2.03254	0.276881	2.05132	-0.0260685	-1.49361	1.44737	1.43325
-1.92215	0.27255	1.94137	0.00546496	0.313119	1.43764	1.42792
-1.92699	0.413898	1.97094	0.0707201	4.05196	1.43141	1.423
-1.85331	0.382666	1.89241	-0.00796031	-0.456092	1.42848	1.41784
-1.92808	0.407645	1.97071	0.00474126	0.271654	1.42349	1.41496
-1.9744	0.408021	2.01612	-0.00456976	-0.261828	1.41955	1.41231
-1.97751	0.398796	2.01732	-0.00479001	-0.274447	1.41599	1.41016
-1.90815	0.543104	1.98394	0.0782934	4.48588	1.41306	1.40838
-2.10611	0.645836	2.20291	0.0202548	1.16051	1.41202	1.4065
-2.20249	0.714766	2.31556	0.0162591	0.931579	1.41003	1.40519
-2.07208	0.680848	2.18107	0.0036638	0.20992	1.40825	1.40411
-1.97623	0.648474	2.0799	-0.000400556	-0.0229502	1.40675	1.40334
-1.82913	0.503271	1.8971	-0.0485688	-2.78279	1.40554	1.40274
-1.90919	0.48791	1.97055	-0.018295	-1.04823	1.40431	1.40237
-1.92025	0.492316	1.98235	0.000771958	0.0442299	1.40348	1.40199
-2.1205	0.591306	2.2014	0.020969	1.20143	1.40287	1.40164
-2.031	0.563424	2.10771	-0.00133765	-0.0766418	1.40239	1.4013
-2.00608	0.636711	2.1047	0.0367268	2.10429	1.40195	1.40107
-1.92683	0.715069	2.05524	0.0480231	2.75152	1.40168	1.40085
-1.89238	0.684897	2.01251	-0.00809871	-0.464022	1.40149	1.40068
-1.87835	0.70284	2.00554	0.0107924	0.618358	1.40122	1.40056
-1.49641	0.64983	1.63141	0.0516379	2.95864	1.40102	1.40046
-1.67871	0.638258	1.79595	-0.0463605	-2.65626	1.40095	1.40039
-1.66024	0.628531	1.77524	-0.00142428	-0.0816055	1.40075	1.40034
-1.76346	0.822333	1.94577	0.0744362	4.26488	1.40063	1.40028
-1.57905	0.899663	1.81736	0.0815407	4.67194	1.40059	1.40023
-1.66776	0.873215	1.88253	-0.035542	-2.03641	1.40057	1.40019
-1.89864	1.08759	2.18808	0.0378605	2.16925	1.40046	1.40016
-1.87554	0.989007	2.12033	-0.0349357	-2.00167	1.4004	1.40013
-1.85035	1.00478	2.10556	0.0122064	0.699373	1.40032	1.40011
-2.16239	0.886875	2.3372	-0.108256	-6.20263	1.40027	1.40009
-1.81729	0.775172	1.97571	0.013972	0.800538	1.40018	1.40008
-2.12101	0.86884	2.29206	-0.0144001	-0.825066	1.40016	1.40006
-1.9717	0.832673	2.14031	0.0108073	0.61921	1.40012	1.40005
-2.01309	0.831772	2.17816	-0.00777502	-0.445476	1.4001	1.40004
-1.79072	0.657436	1.90759	-0.0399596	-2.28951	1.40008	1.40004
-1.79612	0.666961	1.91595	0.00369544	0.211733	1.40007	1.40003
-1.9019	0.831528	2.07573	0.0566128	3.24367	1.40006	1.40003
-1.86693	0.812853	2.03621	-0.0015228	-0.0872501	1.40005	1.40002
-2.27493	0.872197	2.43639	-0.0445323	-2.55151	1.40004	1.40002
-2.06075	0.79324	2.20815	0.00133563	0.0765259	1.40003	1.40001
-1.97566	0.780785	2.12435	0.00891615	0.510858	1.40003	1.40001
-1.92453	0.912884	2.13006	0.0665479	3.81292	1.40002	1.40001
-1.82944	0.578862	1.91884	-0.136464	-7.81882	1.40002	1.40001
-1.80164	0.667517	1.92133	0.0483772	2.77181	1.40001	1.40001
-1.79748	0.695542	1.92735	0.0143865	0.824287	1.40001	1.40001
-1.81721	0.727737	1.95751	0.0117014	0.670442	1.40001	1.4
-1.57419	0.553221	1.66857	-0.0429613	-2.4615	1.40001	1.4
-1.67363	0.794995	1.85285	0.105509	6.04523	1.40001	1.4
-1.71796	0.831436	1.90858	0.00728025	0.417128	1.40001	1.4
-1.72986	0.835045	1.92087	-0.00100931	-0.0578291	1.40001	1.4
-1.67628	0.823927	1.86783	0.00710988	0.407366	1.4	1.4
-1.62881	0.829207	1.82773	0.0140512	0.805077	1.4	1.4
-1.61794	1.12371	1.96989	0.136152	7.80093	1.4	1.4
-1.60045	0.895047	1.83372	-0.0971273	-5.56499	1.4	1.4
-1.67241	0.969807	1.93325	0.0155834	0.892866	1.4	1.4
-1.70826	1.05792	2.00931	0.0289877	1.66087	1.4	1.4
-1.5401	1.02815	1.85175	0.0341539	1.95687	1.4	1.4
-1.59736	1.08071	1.9286	0.00618021	0.3541	1.4	1.4
-1.66973	0.975332	1.93372	-0.0661554	-3.79043	1.4	1.4
-1.92002	0.974984	2.15339	-0.0587992	-3.36895	1.4	1.4
-1.7996	0.944827	2.03255	0.0135966	0.779027	1.4	1.4
-1.91263	1.00837	2.16216	0.00171921	0.0985036	1.4	1.4
-1.96707	0.601342	2.05693	-0.188501	-10.8003	1.4	1.4
-1.92456	0.327874	1.95229	-0.127939	-7.33036	1.4	1.4
-1.62899	0.415307	1.6811	0.0808866	4.63446	1.4	1.4
-1.81557	0.524243	1.88974	0.0314733	1.80329	1.4	1.4
-1.85993	0.5267	1.93307	-0.00514553	-0.294817	1.4	1.4
-2.00872	0.5563	2.08433	-0.00578582	-0.331503	1.4	1.4
-1.96986	0.552001	2.04574	0.00304496	0.174463	1.4	1.4
-1.91711	0.572869	2.00088	0.0171558	0.982952	1.4	1.4
-1.86663	0.755618	2.01377	0.0942682	5.40117	1.4	1.4
-1.75198	0.617691	1.85768	-0.0456804	-2.6173	1.4	1.4
-1.81681	0.61711	1.91876	-0.0115214	-0.660125	1.4	1.4
-1.46978	0.829547	1.68772	0.186395	10.6797	1.4	1.4
-1.56298	0.742482	1.73037	-0.0703499	-4.03075	1.4	1.4
-1.80582	0.846175	1.99424	-0.00528503	-0.30281	1.4	1.4
-1.75474	0.798801	1.928	-0.0110087	-0.630753	1.4	1.4
-2.06704	0.983625	2.28914	0.0169604	0.971757	1.4	1.4
-2.04552	0.881647	2.22743	-0.0371967	-2.13121	1.4	1.4
-2.06033	1.10183	2.33644	0.0841308	4.82034	1.4	1.4
-1.87609	1.00041	2.12616	-0.00119969	-0.0687373	1.4	1.4
-1.82369	0.976086	2.06848	0.00154417	0.0884746	1.4	1.4
-1.98131	1.03714	2.23634	-0.00918978	-0.526535	1.4	1.4
-1.88396	0.894112	2.08537	-0.0391248	-2.24169	1.4	1.4
-1.81608	0.755678	1.96703	-0.0488039	-2.79626	1.4	1.4
-1.81984	0.79494	1.98588	0.0175285	1.00431	1.4	1.4
-1.60255	0.441674	1.6623	-0.142908	-8.18802	1.4	1.4
-1.71294	0.483767	1.77994	0.0063189	0.362046	1.4	1.4
-2.11469	0.455098	2.1631	-0.0632753	-3.6254	1.4	1.4
-2.02149	0.377293	2.0564	-0.0274569	-1.57317	1.4	1.4
-1.98389	0.39374	2.02259	0.0114042	0.653413	1.4	1.4
-1.87748	0.441895	1.92878	0.0352368	2.01892	1.4	1.4
-1.81514	0.437185	1.86705	0.00519385	0.297586	1.4	1.4
-1.92598	0.473238	1.98327	0.0045865	0.262787	1.4	1.4
-2.19142	0.365251	2.22165	-0.0757846	-4.34214	1.4	1.4
-2.08237	0.346694	2.11104	-0.000178361	-0.0102193	1.4	1.4
-1.58503	0.127744	1.59017	-0.0845567	-4.84474	1.4	1.4
-1.71305	0.100516	1.716	-0.0218105	-1.24965	1.4	1.4
-1.857	0.108331	1.86016	-0.00033912	-0.0194301	1.4	1.4
-2.22997	0.0836142	2.23153	-0.0207921	-1.1913	1.4	1.4
-1.90767	0.22838	1.9213	0.0816711	4.67941	1.4	1.4
-1.95368	0.184871	1.96241	-0.024803	-1.42111	1.4	1.4
-1.95856	0.206141	1.96938	0.0105191	0.6027	1.4	1.4
-1.92312	0.257277	1.94025	0.028126	1.6115	1.4	1.4
-1.93269	0.322093	1.95934	0.0321464	1.84185	1.4	1.4
-1.91429	0.377316	1.95112	0.0294725	1.68865	1.4	1.4
-1.7765	0.104339	1.77956	-0.135944	-7.78904	1.4	1.4
-1.88326	-0.00279466	1.88326	-0.0601498	-3.44633	1.4	1.4
-1.7683	-0.107863	1.77158	-0.0594389	-3.4056	1.4	1.4
-1.8265	-0.0656134	1.82768	0.0250152	1.43326	1.4	1.4
-1.833	0.162589	1.8402	0.124377	7.12627	1.4	1.4
-1.82932	-0.0801048	1.83107	-0.132231	-7.57625	1.4	1.4
-2.20972	-0.068988	2.2108	0.0125512	0.719133	1.4	1.4
-2.23604	-0.139175	2.24037	-0.0309513	-1.77338	1.4	1.4
