#1 AntVel X	#2 AntVel Y	#3 Speed	#4 Turning Angle Rad		#5 Turning Angle Deg	#6 Detected Phero Left	#7 Detected Phero Right	
0	0.5	0.5	0	0	0	0
0	0.5	0.5	0	0	0	0
0	0.5	0.5	0	0	0	0
0	0.5	0.5	0	0	0	0
0	0.5	0.5	0	0	0	0
0	0.5	0.5	0	0	0	0
0	0.5	0.5	0	0	0	0
0	0.5	0.5	0	0	0	0
0	0.5	0.5	0	0	0	0
0	0.5	0.5	0	0	0	0
0	0.5	0.5	0	0	0	0
0	0.5	0.5	0	0	0	0
0	0.5	0.5	0	0	0	0
0	0.5	0.5	0	0	0	0
0	0.5	0.5	0	0	0	0
0	0.5	0.5	0	0	0	0
0	0.5	0.5	0	0	0	0
0	0.5	0.5	0	0	0	0
0	0.5	0.5	0	0	0	0
0	0.5	0.5	0	0	0	0
0	0.5	0.5	0	0	0	0
0	0.5	0.5	0	0	0	0
0	0.5	0.5	0	0	0	0
0	0.5	0.5	0	0	0	0
0	0.5	0.5	0	0	0	0
0	0.5	0.5	0	0	0	0
0	0.5	0.5	0	0	0	0
0	0.5	0.5	0	0	0	0
0	0.5	0.5	0	0	0	0
0	0.5	0.5	0	0	0	0
0	0.5	0.5	0	0	0	0
0	0.5	0.5	0	0	0	0
0	0.5	0.5	0	0	0	0
0	0.5	0.5	0	0	0	0
0	0.5	0.5	0	0	0	0
0	0.5	0.5	0	0	0	0
0	0.5	0.5	0	0	0	0
0	0.5	0.5	0	0	0	0
0	0.5	0.5	0	0	0	0
0	0.5	0.5	0	0	0	0
0	0.5	0.5	0	0	0	0
0	0.5	0.5	0	0	0	0
0	0.5	0.5	0	0	0	0
0	0.5	0.5	0	0	0	0
0	0.5	0.5	0	0	0	0
0	0.5	0.5	0	0	0	0
0	0.5	0.5	0	0	0	0
0	0.5	0.5	0	0	0	0
0	0.5	0.5	0	0	0	0
0	0.5	0.5	0	0	0	0
0	0.5	0.5	0	0	0	0
-0.00994138	1.25115	1.25119	-0.00794564	-0.455252	3.62485	3.62485
-0.0475732	1.52243	1.52317	-0.0232924	-1.33456	3.6387	3.61117
-0.0467067	1.78372	1.78433	0.00505903	0.289861	3.6829	3.56956
-0.0756186	1.67904	1.68074	-0.0188275	-1.07873	3.68118	3.57076
-0.330504	1.6809	1.71309	-0.14914	-8.54509	3.72321	3.53312
-0.605236	1.71165	1.81551	-0.145729	-8.34968	4.05769	3.30444
-0.739264	1.80094	1.94677	-0.0496384	-2.84407	4.51005	3.10161
-1.09493	1.49168	1.8504	-0.243685	-13.9621	4.79	2.98806
-1.31699	1.21853	1.79423	-0.191014	-10.9443	5.62075	2.77803
-1.57505	1.09788	1.91993	-0.137842	-7.89776	4.67801	2.64635
-1.60585	0.917407	1.84943	-0.0897006	-5.13946	4.0185	2.53717
-1.80651	0.715553	1.94306	-0.141904	-8.13048	3.57766	2.4395
-2.0804	0.538841	2.14905	-0.123698	-7.08739	3.09584	2.36487
-1.58928	0.614018	1.70377	0.115244	6.603	2.71609	2.28648
-1.81162	0.57954	1.90206	-0.0590685	-3.38437	2.72054	2.14204
-1.85919	0.628466	1.96254	0.016359	0.937303	2.50066	2.06796
-1.89252	0.535573	1.96685	-0.0501901	-2.87568	2.3821	1.97417
-2.07459	0.509154	2.13615	-0.035116	-2.012	2.21436	1.90988
-2.28599	0.593136	2.36169	0.0131996	0.756279	2.07331	1.84195
-2.03242	0.705853	2.1515	0.0803971	4.60642	1.9732	1.76336
-1.92678	0.721204	2.05733	0.0238973	1.36921	1.93444	1.69101
-1.95024	0.67017	2.06218	-0.0271688	-1.55666	1.87161	1.64303
-1.96864	0.650485	2.07333	-0.0118633	-0.679718	1.79008	1.60814
-1.9211	0.498525	1.98473	-0.0652295	-3.73737	1.72656	1.57592
-2.00219	0.418771	2.04551	-0.047715	-2.73387	1.65632	1.55468
-2.09793	0.0802926	2.09946	-0.167931	-9.62174	1.60315	1.53363
-2.09691	0.188576	2.10537	0.0514355	2.94704	1.53888	1.52825
-1.651	-0.15402	1.65817	-0.182709	-10.4685	1.52118	1.50032
-1.82485	-0.157733	1.83166	0.00679797	0.389495	1.4856	1.50431
-2.19394	-0.155344	2.19943	0.015534	0.890031	1.47247	1.48718
-2.14497	-0.260688	2.16075	-0.0502535	-2.87931	1.45966	1.46952
-2.1573	-0.0700733	2.15844	0.0884707	5.069	1.44617	1.46008
-2.03755	-0.0521979	2.03822	0.0068582	0.392946	1.44094	1.44397
-1.93402	-0.0114257	1.93406	0.0197047	1.129	1.43382	1.43579
-1.88096	-0.0249681	1.88113	-0.00736567	-0.422022	1.42859	1.42897
-1.98274	-0.0937865	1.98495	-0.033993	-1.94765	1.42358	1.42428
-1.97513	-0.0639746	1.97617	0.0148876	0.852995	1.41869	1.42077
-1.93787	-0.0448101	1.93839	0.00925954	0.530532	1.41563	1.4168
-2.03432	-0.067068	2.03542	-0.00983724	-0.563632	1.41303	1.41372
-2.22668	-0.387076	2.26007	-0.139159	-7.97325	1.41054	1.41134
-2.16077	-0.438908	2.2049	-0.0282837	-1.62054	1.40734	1.41079
-2.12183	-0.227788	2.13402	0.0934547	5.35456	1.40577	1.40904
-1.96698	-0.164502	1.97385	0.0235074	1.34687	1.4051	1.40649
-1.97239	-0.354446	2.00399	-0.0943684	-5.40691	1.4043	1.40519
-1.78172	-0.456948	1.83938	-0.0732475	-4.19677	1.40322	1.4048
-1.86276	-0.480723	1.92379	-0.00150618	-0.0862975	1.40253	1.40443
-1.87831	-0.486198	1.94021	-0.000729904	-0.0418204	1.4021	1.40369
-1.84435	-0.430492	1.89392	0.0239838	1.37417	1.40174	1.40306
-1.92138	-0.556418	2.00032	-0.052577	-3.01244	1.40148	1.40247
-1.63294	-0.405111	1.68244	0.0387049	2.21763	1.40117	1.40219
-1.77901	-0.478419	1.84222	-0.0195308	-1.11903	1.40102	1.40176
-1.79873	-0.525079	1.8738	-0.0213155	-1.22129	1.40084	1.40152
-1.85985	-0.547246	1.93869	-0.00214262	-0.122763	1.40069	1.4013
-2.00948	-0.501004	2.07099	0.0418275	2.39654	1.40057	1.40109
-2.06712	-0.545395	2.13786	-0.0136249	-0.780647	1.40049	1.40084
-1.84124	-0.237344	1.85647	0.129767	7.43508	1.40039	1.40069
-1.83109	-0.306646	1.85659	-0.0377296	-2.16175	1.40036	1.40049
-1.88082	-0.516052	1.95033	-0.101859	-5.83608	1.40029	1.40043
-1.88748	-0.530686	1.96067	-0.00629911	-0.360913	1.40022	1.4004
-1.90523	-0.457389	1.95936	0.0384732	2.20435	1.40018	1.40034
-1.99111	-0.35146	2.02189	0.0608972	3.48915	1.40016	1.40026
-1.84382	-0.202344	1.85489	0.0654106	3.74775	1.40013	1.4002
-1.94133	-0.189603	1.95056	0.0119462	0.684465	1.40012	1.40015
-1.89831	-0.217078	1.91068	-0.0165012	-0.945447	1.4001	1.40012
-2.02219	-0.0561056	2.02297	0.0861211	4.93438	1.40008	1.4001
-1.92879	-0.101107	1.93144	-0.024634	-1.41142	1.40007	1.40008
-2.0342	-0.194302	2.04346	-0.0428568	-2.45551	1.40006	1.40007
-1.84269	-0.159776	1.8496	0.00873683	0.500583	1.40005	1.40006
-1.71154	-0.31004	1.7394	-0.0927115	-5.31198	1.40004	1.40005
-1.84007	-0.35382	1.87378	-0.0107638	-0.616719	1.40003	1.40004
-1.84035	-0.854396	2.02901	-0.244679	-14.0191	1.40002	1.40004
-1.73053	-0.829791	1.91919	-0.0124684	-0.71439	1.40002	1.40004
-1.78844	-0.845993	1.97844	0.005272	0.302064	1.40001	1.40004
-1.88563	-0.935202	2.1048	-0.0185711	-1.06405	1.40001	1.40003
-1.8632	-1.05539	2.14135	-0.0549638	-3.14919	1.40001	1.40003
-1.77402	-1.08071	2.07728	-0.0317708	-1.82033	1.40001	1.40002
-1.77221	-1.1526	2.11406	-0.02949	-1.68965	1.40001	1.40002
-1.6734	-1.13696	2.0231	-0.020147	-1.15434	1.40001	1.40002
-1.61918	-1.1787	2.00276	-0.03246	-1.85982	1.4	1.40002
-1.58642	-1.17132	1.97198	-0.00675051	-0.386776	1.4	1.40001
-1.53133	-1.13649	1.90698	-0.00246536	-0.141255	1.4	1.40001
-1.65502	-1.13402	2.00626	0.0377378	2.16221	1.4	1.40001
-1.653	-1.13315	2.00411	-0.000213529	-0.0122343	1.4	1.40001
-1.71486	-1.14107	2.0598	0.0138085	0.791171	1.4	1.40001
-1.72	-1.15696	2.07291	-0.00500683	-0.28687	1.4	1.40001
-1.56263	-0.977193	1.84302	0.0332825	1.90695	1.4	1.40001
-1.95892	-1.04246	2.21903	0.0698083	3.99972	1.4	1.4
-1.91111	-1.00559	2.15953	0.00467386	0.267793	1.4	1.4
-1.87167	-0.969303	2.10777	0.0065197	0.373552	1.4	1.4
-1.71479	-0.90988	1.94123	-0.00998199	-0.571926	1.4	1.4
-1.90707	-0.930998	2.12218	0.0336837	1.92993	1.4	1.4
-1.94672	-0.943576	2.16335	0.00281634	0.161364	1.4	1.4
-1.83967	-0.861522	2.03141	0.0133636	0.765676	1.4	1.4
-2.08759	-1.04736	2.33559	-0.0270437	-1.54949	1.4	1.4
-1.94035	-0.790168	2.09507	0.0782899	4.48568	1.4	1.4
-2.04763	-0.824905	2.20755	0.00375558	0.215179	1.4	1.4
-1.96502	-0.760464	2.10704	0.0137184	0.786006	1.4	1.4
-1.84971	-0.761923	2.00049	-0.0214872	-1.23113	1.4	1.4
-1.76685	-0.706616	1.90291	0.0102913	0.589649	1.4	1.4
-1.93976	-1.01267	2.18819	-0.100695	-5.76938	1.4	1.4
-2.20701	-0.952842	2.40391	0.0735784	4.21573	1.4	1.4
-2.09302	-0.861618	2.26343	0.0170413	0.976395	1.4	1.4
-1.97717	-0.927291	2.18382	-0.048021	-2.7514	1.4	1.4
-1.71813	-0.545364	1.80261	0.131183	7.51622	1.4	1.4
-1.8184	-0.756282	1.9694	-0.0867834	-4.97232	1.4	1.4
-1.88726	-0.87815	2.08156	-0.0413657	-2.37008	1.4	1.4
-1.83627	-0.877754	2.03527	-0.0103939	-0.595528	1.4	1.4
-1.91198	-0.934454	2.12811	-0.0086949	-0.498181	1.4	1.4
-1.70253	-0.974718	1.9618	-0.0653667	-3.74524	1.4	1.4
-1.88825	-0.979172	2.12703	0.0415777	2.38222	1.4	1.4
-1.86005	-0.896984	2.06504	0.0290499	1.66443	1.4	1.4
-1.87388	-0.882015	2.07109	0.00941117	0.539221	1.4	1.4
-1.86875	-1.14415	2.19119	-0.109459	-6.27152	1.4	1.4
-1.90389	-0.975658	2.13932	0.0758201	4.34417	1.4	1.4
-1.8322	-0.870679	2.02855	0.0299427	1.71559	1.4	1.4
-1.9949	-0.904413	2.19034	0.0179734	1.0298	1.4	1.4
-1.7301	-0.456033	1.78919	0.167921	9.62118	1.4	1.4
-1.87535	-0.508499	1.94307	-0.00705721	-0.404349	1.4	1.4
-2.15858	-0.671313	2.26056	-0.0367336	-2.10468	1.4	1.4
-1.93011	-0.719082	2.05971	-0.0551134	-3.15777	1.4	1.4
-1.61569	-0.808391	1.80664	-0.107288	-6.14713	1.4	1.4
-1.71665	-0.865767	1.92261	-0.00319269	-0.182928	1.4	1.4
-1.75583	-0.929575	1.98672	-0.0197974	-1.13431	1.4	1.4
-1.80371	-0.819207	1.98103	0.0605841	3.47122	1.4	1.4
-1.74288	-0.772983	1.9066	0.0088797	0.50877	1.4	1.4
-1.71554	-0.816913	1.90012	-0.0269695	-1.54524	1.4	1.4
-1.75082	-1.0879	2.06129	-0.111568	-6.39239	1.4	1.4
-1.73868	-1.12349	2.07008	-0.0176992	-1.01409	1.4	1.4
-1.77939	-1.0044	2.04329	0.0597995	3.42626	1.4	1.4
-1.79263	-1.00755	2.05638	0.00183473	0.105122	1.4	1.4
-2.05772	-0.900214	2.24602	0.0996522	5.70965	1.4	1.4
-1.92992	-0.783885	2.08305	0.0265761	1.5227	1.4	1.4
-1.91145	-0.584167	1.99872	0.0892177	5.1118	1.4	1.4
-1.90189	-0.538338	1.97661	0.0207611	1.18952	1.4	1.4
-1.9402	-0.527903	2.01074	0.0101835	0.583471	1.4	1.4
-1.95859	-0.574773	2.04119	-0.0197922	-1.13401	1.4	1.4
-1.93695	-0.573706	2.02013	-0.00251003	-0.143814	1.4	1.4
-1.9408	-0.556352	2.01896	0.00878242	0.503196	1.4	1.4
-1.91558	-0.903859	2.11811	-0.161697	-9.26456	1.4	1.4
-2.09216	-0.983299	2.31171	0.00151742	0.0869417	1.4	1.4
-1.95864	-0.845158	2.13321	0.0319899	1.83289	1.4	1.4
-1.96312	-0.750843	2.10181	0.0420572	2.4097	1.4	1.4
-1.8951	-0.828252	2.06819	-0.0467237	-2.67707	1.4	1.4
-1.81956	-0.789673	1.98353	0.00257024	0.147264	1.4	1.4
-1.85913	-0.835325	2.03817	-0.0128174	-0.734381	1.4	1.4
-1.81829	-0.822855	1.99582	-0.00268744	-0.153979	1.4	1.4
-1.72961	-0.747882	1.88438	0.0168449	0.965142	1.4	1.4
-1.77817	-0.741698	1.92665	0.0129491	0.741931	1.4	1.4
-1.73116	-0.693184	1.86478	0.0143066	0.819707	1.4	1.4
