#1 AntVel X	#2 AntVel Y	#3 Speed	#4 Turning Angle Rad		#5 Turning Angle Deg	#6 Detected Phero Left	#7 Detected Phero Right	
0	0.5	0.5	0	0	0	0
0	0.5	0.5	0	0	0	0
0	0.5	0.5	0	0	0	0
0	0.5	0.5	0	0	0	0
0	0.5	0.5	0	0	0	0
0	0.5	0.5	0	0	0	0
0	0.5	0.5	0	0	0	0
0	0.5	0.5	0	0	0	0
0	0.5	0.5	0	0	0	0
0	0.5	0.5	0	0	0	0
0	0.5	0.5	0	0	0	0
0	0.5	0.5	0	0	0	0
0	0.5	0.5	0	0	0	0
0	0.5	0.5	0	0	0	0
0	0.5	0.5	0	0	0	0
0	0.5	0.5	0	0	0	0
0	0.5	0.5	0	0	0	0
0	0.5	0.5	0	0	0	0
0	0.5	0.5	0	0	0	0
0	0.5	0.5	0	0	0	0
0	0.5	0.5	0	0	0	0
0	0.5	0.5	0	0	0	0
0	0.5	0.5	0	0	0	0
0	0.5	0.5	0	0	0	0
0	0.5	0.5	0	0	0	0
0	0.5	0.5	0	0	0	0
0	0.5	0.5	0	0	0	0
0	0.5	0.5	0	0	0	0
0	0.5	0.5	0	0	0	0
0	0.5	0.5	0	0	0	0
0	0.5	0.5	0	0	0	0
0	0.5	0.5	0	0	0	0
0	0.5	0.5	0	0	0	0
0	0.5	0.5	0	0	0	0
0	0.5	0.5	0	0	0	0
0	0.5	0.5	0	0	0	0
0	0.5	0.5	0	0	0	0
0	0.5	0.5	0	0	0	0
0	0.5	0.5	0	0	0	0
0	0.5	0.5	0	0	0	0
0	0.5	0.5	0	0	0	0
0	0.5	0.5	0	0	0	0
0	0.5	0.5	0	0	0	0
0	0.5	0.5	0	0	0	0
0	0.5	0.5	0	0	0	0
0	0.5	0.5	0	0	0	0
0	0.5	0.5	0	0	0	0
0	0.5	0.5	0	0	0	0
0	0.5	0.5	0	0	0	0
0	0.5	0.5	0	0	0	0
0	0.5	0.5	0	0	0	0
0	0.5	0.5	0	0	0	0
0	0.5	0.5	0	0	0	0
0	0.5	0.5	0	0	0	0
0	0.5	0.5	0	0	0	0
0.23202	1.01567	1.04183	0.224587	12.8679	3.62485	3.62485
0.710789	1.27497	1.45972	0.283991	16.2715	3.30601	4.07865
1.07516	1.10486	1.54165	0.263195	15.08	3.01771	4.96978
1.41881	1.02793	1.75204	0.172043	9.85735	2.84841	5.32296
1.64988	0.841625	1.85215	0.155275	8.89662	2.73515	4.47678
1.81091	0.654477	1.92555	0.124903	7.15644	2.64203	3.80887
1.84586	0.755358	1.99444	-0.0416253	-2.38495	2.55373	3.31679
1.87703	0.552626	1.95669	0.102101	5.84995	2.39541	3.17138
1.99917	0.576588	2.08065	0.00553158	0.316936	2.31592	2.82346
1.96917	0.662841	2.07774	-0.0439017	-2.51538	2.19474	2.63788
1.66383	0.573351	1.75985	-0.00715759	-0.4101	2.06987	2.52862
1.7694	0.699202	1.90254	-0.0444771	-2.54835	1.98767	2.41213
1.81717	0.615043	1.91843	0.0499712	2.86314	1.89999	2.33464
1.52389	0.667432	1.66364	-0.0864538	-4.95344	1.84421	2.17722
1.76253	0.604939	1.86345	0.0821889	4.70908	1.77481	2.16251
1.92294	0.738206	2.05977	-0.0359221	-2.05818	1.73826	2.00984
1.8324	0.698111	1.96088	0.0025416	0.145623	1.68156	1.94713
2.10792	0.691808	2.21855	0.0468863	2.68639	1.64066	1.87204
1.96623	0.636626	2.06673	0.00399044	0.228635	1.6057	1.77651
1.95793	0.543313	2.03191	0.0424444	2.43188	1.573	1.71801
2.10392	0.34696	2.13233	0.107243	6.14456	1.54915	1.65558
1.864	0.253607	1.88118	0.0282161	1.61666	1.53386	1.58696
2.06295	0.211735	2.07379	0.0329455	1.88764	1.5155	1.55291
2.12197	0.325086	2.14673	-0.049739	-2.84983	1.4982	1.5218
2.17584	0.379989	2.20877	-0.0208789	-1.19627	1.47675	1.50601
1.94819	0.492709	2.00953	-0.0748152	-4.28659	1.46119	1.48865
1.96088	0.381044	1.99756	0.0557816	3.19605	1.44763	1.48108
2.05691	0.531948	2.12459	-0.0611395	-3.50303	1.44125	1.46259
1.98464	0.487459	2.04363	0.0122216	0.700244	1.43208	1.45561
1.72884	0.496149	1.79862	-0.0386252	-2.21306	1.42667	1.44516
1.78234	0.52553	1.8582	-0.0072555	-0.41571	1.42182	1.44022
1.89852	0.759731	2.04489	-0.0939237	-5.38143	1.41821	1.43414
1.63972	0.510745	1.71743	0.0786953	4.50891	1.41414	1.43236
1.79806	0.528819	1.87421	0.0159176	0.912012	1.41268	1.42465
2.30154	0.331152	2.32525	0.143138	8.20122	1.41074	1.4202
2.27485	0.459076	2.32071	-0.0562287	-3.22167	1.40966	1.4133
2.04109	0.501801	2.10186	-0.0419385	-2.4029	1.40732	1.41142
2.02902	0.562458	2.10554	-0.0293471	-1.68146	1.40576	1.40986
2.13466	0.527496	2.19887	0.0281595	1.61342	1.4046	1.40839
2.01881	0.427126	2.0635	0.0337576	1.93417	1.4038	1.40653
1.9343	0.40688	1.97663	0.00117205	0.0671532	1.4032	1.4051
1.96285	0.43503	2.01048	-0.0107796	-0.617623	1.40264	1.4042
1.93353	0.240834	1.94847	0.0941875	5.39655	1.40215	1.40351
2.04298	0.0219609	2.0431	0.11317	6.48415	1.40193	1.40256
2.25484	-0.0354509	2.25512	0.0264699	1.51661	1.40178	1.40182
2.22521	-0.18309	2.23273	0.066374	3.80295	1.40146	1.40141
2.01483	-0.234058	2.02838	0.0335541	1.92251	1.40127	1.40105
2.07963	-0.330452	2.10572	0.0419329	2.40258	1.40108	1.40083
1.8244	-0.49571	1.89054	0.107724	6.17215	1.40092	1.40065
1.9164	-0.531728	1.9888	0.00534668	0.306342	1.40089	1.40049
1.99386	-0.56283	2.07178	0.00447007	0.256116	1.40074	1.4004
1.86803	-0.378615	1.90601	-0.0751502	-4.30579	1.40061	1.40033
1.91863	-0.387941	1.95746	-0.000466058	-0.0267032	1.40046	1.40029
2.05063	-0.115522	2.05389	-0.143231	-8.20655	1.40038	1.40024
2.0602	-0.0847322	2.06194	-0.0151705	-0.869205	1.40026	1.40023
1.99021	-0.288782	2.01105	0.102991	5.90095	1.4002	1.40019
2.11991	-0.231588	2.13253	-0.0352835	-2.02159	1.40019	1.40014
2.11335	-0.375161	2.14639	0.066877	3.83177	1.40015	1.40012
2.12443	-0.434217	2.16835	0.025926	1.48545	1.40013	1.40009
1.91852	-0.259097	1.93593	-0.0673772	-3.86043	1.40011	1.40007
1.97229	-0.279314	1.99197	0.00644495	0.369269	1.40008	1.40006
2.01554	-0.355219	2.0466	0.0337659	1.93465	1.40007	1.40005
2.02645	-0.287331	2.04672	-0.0335975	-1.92499	1.40006	1.40004
2.02776	0.00815098	2.02778	-0.144871	-8.30052	1.40005	1.40003
2.05484	-0.0445153	2.05532	0.0256799	1.47135	1.40003	1.40003
1.86081	-0.139817	1.86606	0.0533365	3.05596	1.40003	1.40002
1.68585	-0.18653	1.69614	0.0351993	2.01677	1.40002	1.40002
1.81906	-0.153658	1.82554	-0.0259252	-1.48541	1.40002	1.40002
1.73534	-0.311614	1.7631	0.0934053	5.35173	1.40002	1.40001
1.84652	-0.547669	1.92602	0.110654	6.34004	1.40002	1.40001
2.12273	-0.844002	2.28436	0.0901075	5.16278	1.40002	1.40001
2.02679	-0.85056	2.19803	0.0188997	1.08287	1.40001	1.40001
2.28166	-1.01793	2.49843	0.0222977	1.27757	1.40001	1.4
2.03995	-0.995385	2.26984	0.034323	1.96656	1.40001	1.4
1.91226	-0.935493	2.12882	0.00101831	0.0583447	1.40001	1.4
1.96792	-1.00564	2.20998	0.0174443	0.999482	1.40001	1.4
1.983	-0.945645	2.19693	-0.0274423	-1.57233	1.40001	1.4
1.87027	-0.918415	2.08361	0.0114906	0.658365	1.4	1.4
1.83639	-0.896461	2.04352	-0.00233402	-0.13373	1.4	1.4
1.87311	-0.875745	2.06772	-0.0167941	-0.962231	1.4	1.4
1.79226	-0.478542	1.85505	-0.176423	-10.1083	1.4	1.4
1.80901	-0.518666	1.88189	0.0183055	1.04883	1.4	1.4
1.96399	-0.480088	2.02181	-0.0394788	-2.26197	1.4	1.4
2.00319	-0.519263	2.06939	0.0138916	0.795933	1.4	1.4
1.81945	-0.441114	1.87216	-0.0157816	-0.904221	1.4	1.4
1.86036	-0.618454	1.96047	0.0830899	4.7607	1.4	1.4
1.88251	-0.565393	1.96558	-0.029175	-1.6716	1.4	1.4
1.96545	-0.658276	2.07276	0.0314118	1.79976	1.4	1.4
1.88362	-0.704727	2.01114	0.03483	1.99561	1.4	1.4
1.81806	-0.663494	1.93535	-0.00808464	-0.463216	1.4	1.4
1.83464	-0.662646	1.95064	-0.00332101	-0.19028	1.4	1.4
1.84945	-0.533564	1.92488	-0.0657337	-3.76626	1.4	1.4
2.08015	-0.384596	2.1154	-0.0980474	-5.6177	1.4	1.4
2.09031	-0.170641	2.09726	-0.101371	-5.80812	1.4	1.4
2.05276	-0.333821	2.07972	0.079756	4.56968	1.4	1.4
1.90902	-0.522734	1.97929	0.106063	6.07696	1.4	1.4
1.90906	-0.54336	1.98488	0.0100169	0.573926	1.4	1.4
1.93699	-0.502276	2.00105	-0.0235703	-1.35048	1.4	1.4
1.74577	-0.195755	1.75671	-0.142055	-8.13913	1.4	1.4
1.91096	-0.181869	1.91959	-0.0167786	-0.961344	1.4	1.4
1.95788	-0.199358	1.96801	0.00658743	0.377432	1.4	1.4
1.93781	-0.142746	1.94306	-0.0279428	-1.601	1.4	1.4
1.85592	-0.141836	1.86133	0.00274462	0.157255	1.4	1.4
2.24824	-0.0968043	2.25032	-0.033244	-1.90474	1.4	1.4
1.9942	-0.196153	2.00383	0.055015	3.15213	1.4	1.4
1.91332	-0.299759	1.93666	0.0573601	3.28649	1.4	1.4
2.12399	-0.249652	2.13861	-0.0384039	-2.20038	1.4	1.4
2.05547	-0.185742	2.06385	-0.0268829	-1.54028	1.4	1.4
2.06125	-0.306098	2.08386	0.0573036	3.28326	1.4	1.4
2.22183	0.0199045	2.22192	-0.156382	-8.96	1.4	1.4
1.96205	0.010581	1.96208	0.00356562	0.204295	1.4	1.4
1.94892	0.102182	1.95159	-0.0469894	-2.69229	1.4	1.4
1.90129	0.0681364	1.90251	0.0165605	0.948849	1.4	1.4
2.05568	-0.0129721	2.05572	0.0421319	2.41398	1.4	1.4
2.10303	-0.224993	2.11503	0.10027	5.74503	1.4	1.4
2.05815	-0.0560134	2.05891	-0.0793713	-4.54764	1.4	1.4
1.91313	-0.0335523	1.91342	-0.00967256	-0.554197	1.4	1.4
2.0216	-0.125226	2.02548	0.0443288	2.53985	1.4	1.4
2.10453	-0.0286356	2.10473	-0.0482591	-2.76504	1.4	1.4
2.06758	-0.0477451	2.06813	0.00948234	0.543298	1.4	1.4
1.70613	0.0421109	1.70665	-0.0477653	-2.73675	1.4	1.4
2.04569	0.0747505	2.04705	-0.0118471	-0.678787	1.4	1.4
1.8691	-0.278075	1.88968	0.184216	10.5548	1.4	1.4
2.01356	-0.279512	2.03287	-0.00975792	-0.559087	1.4	1.4
1.99636	-0.460056	2.04868	0.08856	5.07411	1.4	1.4
2.11137	-0.532992	2.17761	0.0207791	1.19056	1.4	1.4
2.00819	-0.551033	2.08242	0.0205295	1.17625	1.4	1.4
2.104	-0.669665	2.208	0.0403417	2.31141	1.4	1.4
1.84391	-0.562873	1.92791	-0.0118675	-0.679958	1.4	1.4
1.90374	-0.631453	2.00573	0.0239952	1.37483	1.4	1.4
1.85429	-0.731451	1.99334	0.0554542	3.17729	1.4	1.4
2.1928	-0.555559	2.26209	-0.127591	-7.31044	1.4	1.4
2.13985	-0.395457	2.17609	-0.0653904	-3.74659	1.4	1.4
2.04691	-0.406314	2.08685	0.0132102	0.756888	1.4	1.4
1.92341	-0.256963	1.9405	-0.0631427	-3.61781	1.4	1.4
1.97107	-0.20571	1.98178	-0.0288233	-1.65146	1.4	1.4
1.97913	-0.206961	1.98992	0.000204882	0.0117389	1.4	1.4
1.83524	-0.0578112	1.83615	-0.0727027	-4.16556	1.4	1.4
2.12731	-0.126709	2.13108	0.0280027	1.60444	1.4	1.4
2.16044	-0.0830629	2.16204	-0.0210647	-1.20692	1.4	1.4
2.07142	0.0330493	2.07168	-0.0543818	-3.11585	1.4	1.4
2.20772	-0.0330006	2.20797	0.0309003	1.77045	1.4	1.4
1.97192	0.212669	1.98335	-0.12238	-7.01186	1.4	1.4
1.98662	0.267973	2.00461	-0.0266462	-1.52672	1.4	1.4
1.76648	0.360354	1.80286	-0.0671549	-3.84769	1.4	1.4
