#1 AntVel X	#2 AntVel Y	#3 Speed	#4 Turning Angle Rad		#5 Turning Angle Deg	#6 Detected Phero Left	#7 Detected Phero Right	
0.743977	-0.878048	1.15086	0.252928	14.4917	5.12126	3.0782
0.765337	-1.42069	1.61372	0.208797	11.9632	5.6087	2.98059
0.638384	-1.80936	1.91867	0.154944	8.87765	5.04201	2.96559
0.335615	-1.37222	1.41266	0.0993186	5.69054	4.70326	2.99182
0.207109	-1.77907	1.79108	0.123977	7.10335	4.50282	3.03598
0.115265	-1.85569	1.85926	0.0538579	3.08583	4.25123	3.13678
0.105265	-1.66178	1.66511	-0.00122577	-0.0702313	4.15941	3.18626
-0.250406	-1.51476	1.53532	0.22709	13.0113	4.17937	3.17277
-0.384397	-1.77261	1.81381	0.0497175	2.8486	3.7616	3.53492
-0.465715	-2.13643	2.1866	0.00108291	0.062046	3.64359	3.67756
-0.415571	-1.78827	1.83592	0.0137049	0.785234	3.57845	3.74598
-0.404519	-1.91118	1.95352	-0.0197533	-1.13178	3.50731	3.83405
-0.287856	-1.92877	1.95013	-0.0604316	-3.46248	3.4766	3.85466
-0.253297	-1.94539	1.96181	-0.0186745	-1.06997	3.51111	3.77974
-0.297884	-1.96322	1.98569	0.0211088	1.20944	3.50147	3.78191
-0.461241	-1.99162	2.04433	0.0769949	4.41148	3.43654	3.86612
-0.533516	-1.91378	1.98675	0.0442947	2.5379	3.29356	4.09787
-0.623398	-1.97827	2.07417	0.0333982	1.91358	3.18847	4.28944
-0.426792	-2.19868	2.23972	-0.113543	-6.50556	3.09021	4.48362
-0.195177	-1.91237	1.92231	-0.0900207	-5.1578	3.1458	4.28249
-0.180263	-2.00032	2.00843	-0.0118332	-0.677992	3.22161	4.12101
-0.0238276	-1.90304	1.90319	-0.0773543	-4.43208	3.21466	4.12662
0.217735	-1.90086	1.91329	-0.126569	-7.25185	3.31011	3.9831
0.24171	-1.80428	1.8204	-0.0191233	-1.09569	3.52823	3.74632
0.261346	-1.9002	1.91809	-0.00350684	-0.200927	3.59319	3.68501
0.0236209	-2.05566	2.05579	0.125188	7.17277	3.6352	3.64368
0.186717	-2.08103	2.08939	-0.0779936	-4.4687	3.43656	3.82803
0.203164	-2.19601	2.20539	-0.0027687	-0.158635	3.58308	3.68002
0.17469	-2.01458	2.02214	0.00575585	0.329786	3.61546	3.64763
0.23915	-1.97883	1.99323	-0.0337745	-1.93514	3.62979	3.6316
0.334019	-1.94532	1.97378	-0.0497747	-2.85188	3.72236	3.55267
0.105039	-1.72876	1.73194	0.109361	6.2659	3.86508	3.44643
0.087846	-1.85175	1.85383	0.0132813	0.760962	3.68076	3.57574
-0.0453097	-2.13285	2.13333	0.0686444	3.93303	3.67088	3.58307
0.0154016	-1.88763	1.88769	-0.0293995	-1.68447	3.5567	3.69556
-0.231705	-1.94577	1.95952	0.126682	7.25836	3.60356	3.64643
-0.292439	-1.9829	2.00434	0.027902	1.59866	3.39596	3.89985
0.115374	-1.84076	1.84437	-0.209021	-11.976	3.32616	4.00011
0.145463	-1.96929	1.97465	-0.0111363	-0.638064	3.63498	3.62086
0.381019	-2.32862	2.35958	-0.0884557	-5.06814	3.67399	3.58496
0.100698	-2.28258	2.2848	0.1181	6.76664	3.89204	3.41991
0.110765	-2.27504	2.27774	-0.00456137	-0.261347	3.69191	3.56243
0.0872556	-2.13655	2.13833	0.00783186	0.448733	3.7153	3.541
0.233548	-1.79058	1.80575	-0.0888822	-5.09257	3.71456	3.54064
0.059773	-1.72517	1.7262	0.0950652	5.44684	3.90959	3.39188
0.0310016	-1.92505	1.9253	0.0185309	1.06174	3.74623	3.51067
0.0336217	-1.97236	1.97264	-0.00094189	-0.0539663	3.71982	3.53361
-0.00602871	-1.95932	1.95933	0.0201218	1.15289	3.72618	3.52775
0.142632	-1.89895	1.9043	-0.0780474	-4.47179	3.6927	3.55874
0.216237	-1.87353	1.88597	-0.039938	-2.28828	3.84638	3.42876
0.166724	-1.85821	1.86568	0.0254252	1.45676	3.95437	3.35063
0.450244	-1.75209	1.80902	-0.162049	-9.28473	3.93137	3.36177
0.255706	-1.94075	1.95753	0.120531	6.90591	4.35414	3.13304
0.119064	-1.9621	1.96571	0.0703937	4.03326	4.12609	3.22697
-0.199844	-1.84694	1.85773	0.168391	9.6481	4.0054	3.29778
-0.426973	-1.80648	1.85626	0.124313	7.12261	3.69753	3.57182
-0.208397	-1.80181	1.81382	-0.116948	-6.70066	3.48344	3.86423
-0.268714	-1.91945	1.93817	0.0239431	1.37184	3.59893	3.67199
-0.258152	-1.91807	1.93537	-0.0053057	-0.303994	3.53117	3.75346
-0.0678801	-2.16906	2.17012	-0.102501	-5.87286	3.50383	3.78115
-0.0628641	-1.87997	1.88102	0.00214185	0.122719	3.63769	3.6136
-0.268906	-1.72354	1.7444	0.121345	6.95256	3.62576	3.62569
-0.42386	-2.01748	2.06153	0.05231	2.99714	3.42614	3.8806
-0.319443	-1.99943	2.02479	-0.0486534	-2.78764	3.31433	4.05394
-0.404246	-2.15855	2.19607	0.0267041	1.53003	3.32915	4.00275
-0.18941	-2.13264	2.14104	-0.09655	-5.53191	3.25109	4.12397
-0.179983	-2.09873	2.10643	-0.00303325	-0.173792	3.34054	3.95771
-0.0758929	-2.01654	2.01797	-0.0479316	-2.74628	3.32235	3.97999
0.215224	-2.15873	2.16943	-0.136989	-7.84887	3.37557	3.90294
0.145437	-2.03695	2.04213	0.0280929	1.6096	3.61248	3.65279
0.148125	-1.99397	1.99946	-0.00287191	-0.164548	3.58541	3.67295
0.295322	-2.14281	2.16307	-0.0628064	-3.59854	3.61037	3.64806
0.220395	-1.87882	1.8917	0.0201853	1.15653	3.76226	3.52223
0.371765	-2.18944	2.22078	-0.0514234	-2.94635	3.75718	3.51922
0.33241	-2.04257	2.06944	0.00686789	0.393501	3.91051	3.4074
0.0596353	-2.16547	2.16629	0.133795	7.66588	3.9479	3.37372
-0.0219185	-2.11926	2.11937	0.0378744	2.17004	3.71184	3.54182
-0.115515	-2.0112	2.01451	0.0470309	2.69467	3.64792	3.60215
-0.233265	-2.28549	2.29736	0.0443383	2.5404	3.56185	3.69469
-0.15217	-2.0817	2.08726	-0.0287425	-1.64683	3.47025	3.80638
-0.111435	-1.87711	1.88041	-0.0136734	-0.783427	3.48892	3.77703
-0.16598	-2.17502	2.18134	0.0168691	0.966527	3.4932	3.76929
-0.120849	-2.15622	2.1596	-0.0201766	-1.15603	3.44865	3.82354
-0.0354921	-1.94413	1.94445	-0.037734	-2.162	3.46048	3.80551
-0.0580042	-1.89678	1.89766	0.0123168	0.705702	3.50943	3.74616
0.0194912	-1.91724	1.91734	-0.0407368	-2.33405	3.48401	3.77527
0.151495	-1.50589	1.51349	-0.0900983	-5.16225	3.54683	3.70545
0.22598	-1.76567	1.78007	-0.0270292	-1.54866	3.7161	3.55187
0.214981	-1.94894	1.96076	0.017431	0.998722	3.79786	3.48639
0.428032	-1.99402	2.03945	-0.101586	-5.82046	3.79724	3.48085
0.517897	-2.08871	2.15196	-0.0316001	-1.81055	4.0659	3.30779
0.275187	-2.05936	2.07766	0.110208	6.31446	4.22217	3.21471
0.360169	-2.021	2.05284	-0.0435207	-2.49356	4.02826	3.29941
0.0191284	-2.12393	2.12401	0.167356	9.58877	4.17857	3.20839
0.0833533	-1.90805	1.90987	-0.0346515	-1.98538	3.85576	3.41285
-0.0895156	-1.62628	1.62874	0.0986452	5.65195	3.92954	3.35471
-0.208441	-2.07252	2.08297	0.0452491	2.59258	3.75074	3.50926
-0.341906	-2.06738	2.09546	0.0636609	3.6475	3.65434	3.61123
-0.0319589	-1.93191	1.93217	-0.147357	-8.44291	3.52371	3.77391
0.0591508	-1.91527	1.91619	-0.0474151	-2.71668	3.72726	3.52673
-0.0383922	-2.0754	2.07575	0.0493706	2.82872	3.8145	3.44945
0.0135357	-2.18657	2.18661	-0.0246869	-1.41446	3.72712	3.52696
0.0602154	-2.0729	2.07377	-0.0228504	-1.30923	3.76915	3.48818
0.0702388	-2.01598	2.01721	-0.00578611	-0.33152	3.81657	3.44749
-0.0669361	-2.12354	2.12459	0.0663375	3.80086	3.83703	3.43039
0.00890988	-2.03459	2.03461	-0.0358898	-2.05633	3.71762	3.53677
-0.0352338	-1.96659	1.96691	0.0222934	1.27732	3.7767	3.48139
-0.266021	-2.21927	2.23516	0.101385	5.80894	3.73533	3.51935
-0.113726	-2.22037	2.22328	-0.0681248	-3.90326	3.5506	3.72421
-0.0681198	-2.40395	2.40492	-0.0228456	-1.30895	3.63065	3.62314
0.00787351	-2.18918	2.18919	-0.0319255	-1.8292	3.65562	3.59568
-0.0211946	-2.14804	2.14814	0.0134632	0.771383	3.70697	3.54526
-0.193635	-1.9903	1.99969	0.0871178	4.99148	3.68248	3.56863
-0.196347	-2.04164	2.05106	-0.0011078	-0.0634725	3.52858	3.74008
0.0175472	-2.01638	2.01646	-0.104579	-5.99192	3.50413	3.7665
-0.0929735	-1.98993	1.9921	0.0553902	3.17362	3.65968	3.5906
-0.0562409	-2.11009	2.11084	-0.0200411	-1.14827	3.56266	3.69206
-0.0643864	-2.07354	2.07454	0.00439453	0.251788	3.58455	3.66691
-0.056761	-2.03886	2.03965	-0.00320914	-0.18387	3.56931	3.68314
-0.0875092	-2.03284	2.03473	0.0151888	0.870252	3.56641	3.68588
-3.42684e-05	-2.03859	2.03859	-0.0430043	-2.46397	3.53252	3.72358
-0.0324084	-2.01933	2.01959	0.0160309	0.918504	3.5966	3.65341
-0.000948739	-2.00337	2.00337	-0.0155742	-0.892333	3.56781	3.68358
0.238226	-1.94123	1.9558	-0.122582	-7.02343	3.59135	3.65879
0.456102	-1.93164	1.98476	-0.109766	-6.28913	3.83429	3.45258
0.186482	-2.17411	2.18209	0.14631	8.38294	4.13116	3.27185
0.415938	-1.88318	1.92857	-0.131815	-7.55243	3.8625	3.41754
0.314496	-1.94038	1.9657	0.0566972	3.24851	4.19863	3.21553
0.18915	-1.98081	1.98982	0.0654795	3.7517	4.12624	3.23827
0.13857	-1.94907	1.95399	0.0242267	1.38809	4.02292	3.2918
0.0375461	-1.91296	1.91333	0.0513512	2.9422	3.99804	3.30527
-0.0311573	-1.94425	1.9445	0.0356487	2.04252	3.90975	3.36856
-0.0895831	-1.97087	1.97291	0.0293983	1.6844	3.84398	3.42308
-0.314734	-1.83737	1.86413	0.124227	7.11769	3.78311	3.47868
-0.3047	-1.86681	1.89151	-0.0078565	-0.450144	3.5641	3.73331
-0.385244	-1.79891	1.8397	0.0491745	2.81749	3.53309	3.76252
-0.330531	-1.90239	1.93089	-0.0389391	-2.23104	3.42524	3.91688
-0.315577	-1.69399	1.72313	0.0121531	0.696323	3.42755	3.88855
-0.309116	-1.89188	1.91696	-0.0222211	-1.27318	3.37382	3.96158
-0.229474	-1.94458	1.95808	-0.0444966	-2.54947	3.36081	3.96441
-0.195258	-2.01051	2.01997	-0.0206485	-1.18307	3.38557	3.91207
-0.143822	-1.94444	1.94975	-0.022984	-1.31689	3.38708	3.9026
-0.0888183	-2.0137	2.01565	-0.0297526	-1.7047	3.39877	3.88172
-0.133991	-2.23194	2.23596	0.015883	0.910029	3.42756	3.84158
0.101586	-2.07142	2.07391	-0.108964	-6.24316	3.38913	3.89017
0.0471291	-2.09645	2.09698	0.0265257	1.51981	3.56148	3.69365
0.112615	-2.15416	2.1571	-0.0297537	-1.70476	3.52628	3.72812
0.197367	-2.12432	2.13347	-0.0404121	-2.31544	3.58826	3.66628
0.165372	-2.00468	2.01149	0.0103359	0.592203	3.68328	3.58082
0.0288649	-1.84304	1.84327	0.0666463	3.81855	3.68874	3.57282
-0.133831	-1.87339	1.87816	0.0869768	4.9834	3.58338	3.66738
-0.0580131	-1.89269	1.89358	-0.0406749	-2.3305	3.43972	3.83268
-0.0494114	-2.27526	2.27579	-0.00892812	-0.511544	3.48862	3.77014
-0.0523153	-2.24053	2.24114	0.00163178	0.0934943	3.49502	3.76226
-0.0855802	-2.09922	2.10097	0.0173998	0.996934	3.48582	3.77261
-0.18135	-2.03623	2.04429	0.0480822	2.75491	3.45007	3.81497
-0.0581862	-2.05056	2.05138	-0.060459	-3.46404	3.36308	3.92954
-0.0191482	-2.03453	2.03462	-0.0189568	-1.08615	3.43668	3.82902
-0.0085417	-1.93062	1.93064	-0.00498707	-0.285738	3.46126	3.79955
0.130171	-2.05066	2.05479	-0.0678166	-3.88561	3.4674	3.79246
0.153841	-2.01012	2.016	-0.0129923	-0.744406	3.58945	3.6671
0.035425	-1.95952	1.95984	0.0583082	3.34082	3.63206	3.62675
-0.216695	-1.91401	1.92624	0.130812	7.49496	3.54312	3.70976
-0.105358	-1.97505	1.97786	-0.0594412	-3.40573	3.33536	3.97286
0.0357038	-2.06494	2.06525	-0.0705827	-4.04409	3.39855	3.87752
0.00727419	-2.0606	2.06061	0.0137586	0.788308	3.50398	3.7521
0.0519471	-1.9678	1.96848	-0.0228624	-1.30992	3.48434	3.7734
0.0773686	-1.97562	1.97713	-0.0127493	-0.730479	3.52569	3.72907
0.231386	-1.93737	1.95114	-0.0797284	-4.5681	3.55587	3.69816
0.139496	-2.0144	2.01922	0.0497312	2.84939	3.72237	3.55216
-0.0287954	-2.26408	2.26427	0.0818567	4.69004	3.65551	3.60193
0.0580789	-2.12414	2.12493	-0.0400532	-2.29488	3.52224	3.73193
-0.0195966	-2.1509	2.15099	0.0364462	2.08821	3.59131	3.66001
-0.208777	-1.99465	2.00555	0.0951778	5.45328	3.5327	3.72051
-0.194154	-2.12377	2.13263	-0.0131221	-0.751844	3.37531	3.91961
-0.244912	-2.01102	2.02588	0.0300217	1.72012	3.36773	3.92451
-0.0976634	-1.96837	1.97079	-0.0716122	-4.10307	3.30082	4.0211
-0.0914596	-1.99289	1.99499	-0.00371511	-0.21286	3.3794	3.90005
-0.0352353	-1.8221	1.82244	-0.0265254	-1.51979	3.37298	3.90729
0.00268364	-2.0072	2.0072	-0.0206724	-1.18444	3.40493	3.86567
0.0775193	-1.96789	1.96941	-0.0380347	-2.17923	3.4347	3.82997
0.0356114	-1.92886	1.92919	0.0209115	1.19814	3.50161	3.75675
0.157352	-2.13167	2.13747	-0.0552223	-3.164	3.47448	3.785
0.198787	-1.85678	1.86739	-0.0329713	-1.88912	3.58201	3.67704
0.198521	-1.82396	1.83474	-0.00175995	-0.100838	3.66521	3.60262
0.0762214	-1.54418	1.54606	0.0590934	3.3858	3.69626	3.57324
0.182079	-1.89641	1.90513	-0.0463989	-2.65846	3.60673	3.64692
0.16138	-1.86392	1.8709	0.00935387	0.535937	3.71057	3.55573
-0.0251482	-1.92278	1.92294	0.0994438	5.69771	3.71718	3.54694
0.113588	-1.94671	1.95002	-0.0713611	-4.08869	3.55252	3.69953
0.140399	-1.845	1.85033	-0.017668	-1.0123	3.68153	3.57457
0.114867	-1.89957	1.90304	0.0155545	0.891209	3.73176	3.53081
0.0815598	-1.90962	1.91136	0.0177122	1.01483	3.72135	3.5373
0.0856216	-1.92132	1.92323	-0.00185043	-0.106022	3.70298	3.55176
-0.0520575	-1.79064	1.79139	0.0735983	4.21687	3.71828	3.53764
-0.0248069	-1.93534	1.93549	-0.0162467	-0.930868	3.594	3.65741
0.299566	-1.90372	1.92715	-0.168895	-9.67697	3.61522	3.63478
0.375181	-1.87745	1.91457	-0.0411592	-2.35825	3.95726	3.36389
0.234404	-1.84784	1.86264	0.0710578	4.07131	4.10291	3.27253
0.228332	-2.18967	2.20154	0.0222777	1.27642	3.99275	3.32427
