#1 AntPos X	#2 AntVel X	#3 AntPos Y	#4 AntVel Y	#5 AntAngle	
0	0	0	0.5	0	
0	0	0	0.5	0	
0	0	0	0.5	0	
0	0	0	0.5	0	
0	0	0	0.5	0	
0	0	0	0.5	0	
0	0	0	0.5	0	
0	0	0	0.5	0	
0	0	0	0.5	0	
0	0	0	0.5	0	
0	0	0	0.5	0	
0	0	0	0.5	0	
0	0	0	0.5	0	
0	0	0	0.5	0	
0	0	0	0.5	0	
0	0	0	0.5	0	
0	0	0	0.5	0	
0	0	0	0.5	0	
0	0	0	0.5	0	
0	0	0	0.5	0	
0	0	0	0.5	0	
0	0	0	0.5	0	
0	0	0	0.5	0	
0	0	0	0.5	0	
0	0	0	0.5	0	
0	0	0	0.5	0	
0	0	0	0.5	0	
0	0	0	0.5	0	
0	0	0	0.5	0	
0	0	0	0.5	0	
0	0	0	0.5	0	
0	0	0	0.5	0	
0	0	0	0.5	0	
0	0	0	0.5	0	
0	0	0	0.5	0	
0	0	0	0.5	0	
0	0	0	0.5	0	
0	0	0	0.5	0	
0	0	0	0.5	0	
0	0	0	0.5	0	
0	0	0	0.5	0	
0	0	0	0.5	0	
0	0	0	0.5	0	
0	0	0	0.5	0	
0	0	0	0.5	0	
0	0	0	0.5	0	
0	0	0	0.5	0	
0	0	0	0.5	0	
0	0	0	0.5	0	
0	0	0	0.5	0	
0	0	0	0.5	0	
0	0	0	0.5	0	
0	0	0	0.5	0	
0	0	0	0.5	0	
0	0	0	0.5	0	
0.011601	0.23202	0.0507835	1.01567	1.34621	
0.0471404	0.710789	0.114532	1.27497	1.06222	
0.100898	1.07516	0.169775	1.10486	0.799023	
0.171839	1.41881	0.221172	1.02793	0.62698	
0.254333	1.64988	0.263253	0.841625	0.471705	
0.344879	1.81091	0.295977	0.654477	0.346801	
0.437172	1.84586	0.333745	0.755358	0.388427	
0.531023	1.87703	0.361376	0.552626	0.286326	
0.630981	1.99917	0.390205	0.576588	0.280794	
0.72944	1.96917	0.423347	0.662841	0.324696	
0.812632	1.66383	0.452015	0.573351	0.331853	
0.901101	1.7694	0.486975	0.699202	0.37633	
0.99196	1.81717	0.517727	0.615043	0.326359	
1.06815	1.52389	0.551099	0.667432	0.412813	
1.15628	1.76253	0.581346	0.604939	0.330624	
1.25243	1.92294	0.618256	0.738206	0.366546	
1.34405	1.8324	0.653162	0.698111	0.364004	
1.44944	2.10792	0.687752	0.691808	0.317118	
1.54776	1.96623	0.719583	0.636626	0.313128	
1.64565	1.95793	0.746749	0.543313	0.270683	
1.75085	2.10392	0.764097	0.34696	0.163441	
1.84405	1.864	0.776777	0.253607	0.135224	
1.9472	2.06295	0.787364	0.211735	0.102279	
2.05329	2.12197	0.803618	0.325086	0.152018	
2.16209	2.17584	0.822618	0.379989	0.172897	
2.2595	1.94819	0.847253	0.492709	0.247712	
2.35754	1.96088	0.866305	0.381044	0.19193	
2.46039	2.05691	0.892903	0.531948	0.25307	
2.55962	1.98464	0.917276	0.487459	0.240848	
2.64606	1.72884	0.942083	0.496149	0.279474	
2.73518	1.78234	0.96836	0.52553	0.286729	
2.8301	1.89852	1.00635	0.759731	0.380653	
2.91209	1.63972	1.03188	0.510745	0.301957	
3.00199	1.79806	1.05832	0.528819	0.28604	
3.11707	2.30154	1.07488	0.331152	0.142902	
3.23081	2.27485	1.09784	0.459076	0.19913	
3.33287	2.04109	1.12293	0.501801	0.241069	
3.43432	2.02902	1.15105	0.562458	0.270416	
3.54105	2.13466	1.17742	0.527496	0.242256	
3.64199	2.01881	1.19878	0.427126	0.208499	
3.73871	1.9343	1.21912	0.40688	0.207327	
3.83685	1.96285	1.24088	0.43503	0.218106	
3.93352	1.93353	1.25292	0.240834	0.123919	
4.03567	2.04298	1.25402	0.0219609	0.010749	
4.14842	2.25484	1.25224	-0.0354509	-0.0157209	
4.25968	2.22521	1.24309	-0.18309	-0.0820949	
4.36042	2.01483	1.23139	-0.234058	-0.115649	
4.4644	2.07963	1.21486	-0.330452	-0.157582	
4.55562	1.8244	1.19008	-0.49571	-0.265306	
4.65144	1.9164	1.16349	-0.531728	-0.270653	
4.75113	1.99386	1.13535	-0.56283	-0.275123	
4.84453	1.86803	1.11642	-0.378615	-0.199973	
4.94047	1.91863	1.09702	-0.387941	-0.199507	
5.043	2.05063	1.09125	-0.115522	-0.0562754	
5.14601	2.0602	1.08701	-0.0847322	-0.041105	
5.24552	1.99021	1.07257	-0.288782	-0.144096	
5.35151	2.11991	1.06099	-0.231588	-0.108813	
5.45718	2.11335	1.04223	-0.375161	-0.17569	
5.5634	2.12443	1.02052	-0.434217	-0.201616	
5.65933	1.91852	1.00757	-0.259097	-0.134238	
5.75794	1.97229	0.993601	-0.279314	-0.140683	
5.85872	2.01554	0.97584	-0.355219	-0.174449	
5.96004	2.02645	0.961473	-0.287331	-0.140852	
6.06143	2.02776	0.961881	0.00815098	0.00401967	
6.16417	2.05484	0.959655	-0.0445153	-0.0216602	
6.25721	1.86081	0.952664	-0.139817	-0.0749967	
6.3415	1.68585	0.943338	-0.18653	-0.110196	
6.43246	1.81906	0.935655	-0.153658	-0.0842707	
6.51922	1.73534	0.920074	-0.311614	-0.177676	
6.61155	1.84652	0.892691	-0.547669	-0.28833	
6.71769	2.12273	0.850491	-0.844002	-0.378438	
6.81903	2.02679	0.807963	-0.85056	-0.397338	
6.93311	2.28166	0.757066	-1.01793	-0.419635	
7.03511	2.03995	0.707297	-0.995385	-0.453958	
7.13072	1.91226	0.660522	-0.935493	-0.454977	
7.22912	1.96792	0.61024	-1.00564	-0.472421	
7.32827	1.983	0.562958	-0.945645	-0.444979	
7.42178	1.87027	0.517037	-0.918415	-0.456469	
7.5136	1.83639	0.472214	-0.896461	-0.454135	
7.60725	1.87311	0.428427	-0.875745	-0.437341	
7.69687	1.79226	0.4045	-0.478542	-0.260918	
7.78732	1.80901	0.378567	-0.518666	-0.279223	
7.88552	1.96399	0.354562	-0.480088	-0.239744	
7.98568	2.00319	0.328599	-0.519263	-0.253636	
8.07665	1.81945	0.306543	-0.441114	-0.237854	
8.16967	1.86036	0.275621	-0.618454	-0.320944	
8.26379	1.88251	0.247351	-0.565393	-0.291769	
8.36206	1.96545	0.214437	-0.658276	-0.323181	
8.45625	1.88362	0.179201	-0.704727	-0.358011	
8.54715	1.81806	0.146026	-0.663494	-0.349926	
8.63888	1.83464	0.112894	-0.662646	-0.346605	
8.73135	1.84945	0.0862156	-0.533564	-0.280872	
8.83536	2.08015	0.0669858	-0.384596	-0.182824	
8.93988	2.09031	0.0584538	-0.170641	-0.0814536	
9.04251	2.05276	0.0417627	-0.333821	-0.16121	
9.13796	1.90902	0.015626	-0.522734	-0.267273	
9.23342	1.90906	-0.011542	-0.54336	-0.277289	
9.33027	1.93699	-0.0366558	-0.502276	-0.253719	
9.41756	1.74577	-0.0464435	-0.195755	-0.111665	
9.5131	1.91096	-0.055537	-0.181869	-0.0948859	
9.611	1.95788	-0.0655049	-0.199358	-0.101473	
9.70789	1.93781	-0.0726422	-0.142746	-0.0735306	
9.80068	1.85592	-0.079734	-0.141836	-0.0762752	
9.9131	2.24824	-0.0845742	-0.0968043	-0.0430312	
10.0128	1.9942	-0.0943818	-0.196153	-0.0980462	
10.1085	1.91332	-0.10937	-0.299759	-0.155406	
10.2147	2.12399	-0.121852	-0.249652	-0.117002	
10.3174	2.05547	-0.131139	-0.185742	-0.0901196	
10.4205	2.06125	-0.146444	-0.306098	-0.147423	
10.5316	2.22183	-0.145449	0.0199045	0.00895839	
10.6297	1.96205	-0.14492	0.010581	0.00539277	
10.7271	1.94892	-0.139811	0.102182	0.0523822	
10.8222	1.90129	-0.136404	0.0681364	0.0358216	
10.925	2.05568	-0.137053	-0.0129721	-0.00631027	
11.0301	2.10303	-0.148302	-0.224993	-0.10658	
11.1331	2.05815	-0.151103	-0.0560134	-0.0272087	
11.2287	1.91313	-0.152781	-0.0335523	-0.0175362	
11.3298	2.0216	-0.159042	-0.125226	-0.0618649	
11.435	2.10453	-0.160474	-0.0286356	-0.0136058	
11.5384	2.06758	-0.162861	-0.0477451	-0.0230881	
11.6237	1.70613	-0.160756	0.0421109	0.0246772	
11.726	2.04569	-0.157018	0.0747505	0.0365243	
11.8194	1.8691	-0.170922	-0.278075	-0.147691	
11.9201	2.01356	-0.184897	-0.279512	-0.137933	
12.0199	1.99636	-0.2079	-0.460056	-0.226493	
12.1255	2.11137	-0.23455	-0.532992	-0.247272	
12.2259	2.00819	-0.262101	-0.551033	-0.267802	
12.3311	2.104	-0.295585	-0.669665	-0.308144	
12.4233	1.84391	-0.323728	-0.562873	-0.296276	
12.5185	1.90374	-0.355301	-0.631453	-0.320271	
12.6112	1.85429	-0.391874	-0.731451	-0.375726	
12.7209	2.1928	-0.419652	-0.555559	-0.248134	
12.8278	2.13985	-0.439424	-0.395457	-0.182744	
12.9302	2.04691	-0.45974	-0.406314	-0.195954	
13.0264	1.92341	-0.472588	-0.256963	-0.132811	
13.1249	1.97107	-0.482874	-0.20571	-0.103988	
13.2239	1.97913	-0.493222	-0.206961	-0.104193	
13.3156	1.83524	-0.496112	-0.0578112	-0.0314903	
13.422	2.12731	-0.502448	-0.126709	-0.059493	
13.53	2.16044	-0.506601	-0.0830629	-0.0384282	
13.6336	2.07142	-0.504948	0.0330493	0.0159536	
13.744	2.20772	-0.506599	-0.0330006	-0.0149467	
13.8426	1.97192	-0.495965	0.212669	0.107433	
13.9419	1.98662	-0.482566	0.267973	0.13408	
14.0302	1.76648	-0.464549	0.360354	0.201234	
