#1 AntPos X	#2 AntVel X	#3 AntPos Y	#4 AntVel Y	#5 AntAngle	
0	0	0	0.5	0	
0	0	0	0.5	0	
0	0	0	0.5	0	
0	0	0	0.5	0	
0	0	0	0.5	0	
0	0	0	0.5	0	
0	0	0	0.5	0	
0	0	0	0.5	0	
0	0	0	0.5	0	
0	0	0	0.5	0	
0	0	0	0.5	0	
0	0	0	0.5	0	
0	0	0	0.5	0	
0	0	0	0.5	0	
0	0	0	0.5	0	
0	0	0	0.5	0	
0	0	0	0.5	0	
0	0	0	0.5	0	
0	0	0	0.5	0	
0	0	0	0.5	0	
0	0	0	0.5	0	
0	0	0	0.5	0	
0	0	0	0.5	0	
0	0	0	0.5	0	
-0.000130687	-0.00261374	0.0624305	1.24861	1.57289	
-0.00678726	-0.133132	0.147859	1.70856	1.64856	
-0.0142223	-0.148701	0.241096	1.86474	1.65037	
-0.023159	-0.178733	0.334365	1.86538	1.66632	
-0.0322861	-0.182544	0.423785	1.7884	1.67251	
-0.0494225	-0.342727	0.527974	2.08378	1.73381	
-0.0771661	-0.554873	0.634019	2.12091	1.82668	
-0.108829	-0.633255	0.724091	1.80144	1.90883	
-0.149155	-0.806519	0.8121	1.76017	2.00045	
-0.203117	-1.07925	0.896265	1.68331	2.14092	
-0.27172	-1.37206	0.971021	1.49512	2.3133	
-0.340907	-1.38373	1.05095	1.59852	2.2843	
-0.42223	-1.62648	1.12038	1.3886	2.43493	
-0.510632	-1.76803	1.17291	1.05064	2.60542	
-0.601394	-1.81524	1.21509	0.843648	2.70653	
-0.707632	-2.12477	1.24545	0.607138	2.86327	
-0.80085	-1.86435	1.27972	0.685361	2.78931	
-0.901032	-2.00365	1.31134	0.632465	2.83583	
-1.00928	-2.1649	1.34264	0.625993	2.86011	
-1.11087	-2.0319	1.37807	0.708638	2.80603	
-1.21038	-1.9901	1.40845	0.607522	2.84531	
-1.30548	-1.902	1.43672	0.56547	2.85261	
-1.40977	-2.08578	1.46064	0.478321	2.91617	
-1.51636	-2.13181	1.49093	0.605967	2.86465	
-1.61842	-2.04121	1.51498	0.480938	2.9102	
-1.72129	-2.05748	1.52981	0.296526	2.99846	
-1.82744	-2.12302	1.54522	0.30828	2.99739	
-1.94552	-2.36157	1.56607	0.416984	2.96682	
-2.05344	-2.15836	1.59003	0.479194	2.92312	
-2.15726	-2.07648	1.61169	0.433139	2.93595	
-2.26204	-2.09551	1.64336	0.633429	2.84805	
-2.36454	-2.04996	1.66732	0.479274	2.91192	
-2.46147	-1.93876	1.68869	0.42736	2.92463	
-2.55439	-1.85832	1.71585	0.543122	2.85725	
-2.64698	-1.85184	1.74487	0.580509	2.83782	
-2.73204	-1.70126	1.76945	0.491522	2.86033	
-2.83112	-1.98151	1.78177	0.246393	3.01788	
-2.92851	-1.94786	1.78606	0.0857588	3.09759	
-3.0269	-1.96768	1.79047	0.0883492	3.09672	
-3.1266	-1.994	1.79507	0.0920013	3.09549	
-3.23497	-2.16752	1.80173	0.133095	3.08027	
-3.33717	-2.04393	1.81025	0.170355	3.05844	
-3.43509	-1.95831	1.8214	0.223003	3.02821	
-3.53307	-1.95969	1.8329	0.230097	3.02471	
-3.62429	-1.82449	1.83364	0.0147183	3.13353	
-3.71217	-1.75759	1.83363	-0.000164297	-3.1415	
-3.80312	-1.81888	1.83069	-0.0587834	-3.10929	
-3.89807	-1.89898	1.81256	-0.362646	-2.9529	
-4.00233	-2.08522	1.79767	-0.297724	-2.99977	
-4.10225	-1.99837	1.77941	-0.365316	-2.96078	
-4.19561	-1.86726	1.75604	-0.467299	-2.89637	
-4.29174	-1.92254	1.73215	-0.477761	-2.89802	
-4.38638	-1.89292	1.70667	-0.509675	-2.87858	
-4.49194	-2.11111	1.67224	-0.688556	-2.82631	
-4.57068	-1.57481	1.63474	-0.749928	-2.69716	
-4.65511	-1.68865	1.59451	-0.804657	-2.69691	
-4.73574	-1.61252	1.55369	-0.816505	-2.67288	
-4.82677	-1.82076	1.51158	-0.842038	-2.70842	
-4.93219	-2.10822	1.47377	-0.756357	-2.79713	
-5.03316	-2.01939	1.44143	-0.646641	-2.83169	
-5.12547	-1.84637	1.40387	-0.751333	-2.75513	
-5.22513	-1.9931	1.37426	-0.592204	-2.85277	
-5.3136	-1.76951	1.34483	-0.588525	-2.82051	
-5.40587	-1.84533	1.31535	-0.589698	-2.83229	
-5.49767	-1.83607	1.28843	-0.538398	-2.85635	
-5.58482	-1.74296	1.25347	-0.699206	-2.76009	
-5.67364	-1.77633	1.21658	-0.73779	-2.74793	
-5.76792	-1.8857	1.17361	-0.859397	-2.71397	
-5.86089	-1.8594	1.13074	-0.857365	-2.70955	
-5.95265	-1.83516	1.08788	-0.857196	-2.70461	
-6.04542	-1.85532	1.04217	-0.914173	-2.68378	
-6.14061	-1.9038	0.998703	-0.869363	-2.71323	
-6.22618	-1.71153	0.959848	-0.777083	-2.71539	
-6.32218	-1.92002	0.916791	-0.861145	-2.71998	
-6.42346	-2.02561	0.861117	-1.11348	-2.63898	
-6.52739	-2.07844	0.803236	-1.15763	-2.63341	
-6.62503	-1.95277	0.74883	-1.0881	-2.63323	
-6.71161	-1.73167	0.699758	-0.981445	-2.62597	
-6.79184	-1.60472	0.651255	-0.970058	-2.59787	
-6.87585	-1.68003	0.601318	-0.998753	-2.60524	
-6.96043	-1.69163	0.553055	-0.965257	-2.62307	
-7.04639	-1.71925	0.516105	-0.739	-2.73563	
-7.12844	-1.64101	0.481212	-0.69786	-2.7395	
-7.22335	-1.89809	0.442624	-0.771755	-2.75541	
-7.31675	-1.86816	0.407254	-0.707396	-2.77962	
-7.40696	-1.80414	0.362554	-0.894007	-2.68153	
-7.49789	-1.81864	0.316765	-0.915768	-2.67511	
-7.57812	-1.60458	0.273931	-0.856698	-2.65119	
-7.66052	-1.64794	0.233533	-0.807943	-2.68575	
-7.7461	-1.7116	0.190974	-0.851181	-2.68011	
-7.83704	-1.81883	0.149687	-0.825743	-2.71542	
-7.9279	-1.81714	0.108274	-0.828261	-2.71392	
-8.03429	-2.12791	0.0750677	-0.664129	-2.83907	
-8.14379	-2.19	0.0461428	-0.578498	-2.88334	
-8.24183	-1.96073	0.0203788	-0.515279	-2.8846	
-8.34131	-1.98961	-0.0026115	-0.459806	-2.91448	
-8.44418	-2.05736	-0.0120117	-0.188003	-3.05046	
-8.54524	-2.02123	-0.0203091	-0.165948	-3.05967	
-8.6404	-1.90327	-0.023452	-0.0628586	-3.10858	
-8.73692	-1.93046	-0.0260587	-0.0521336	-3.11459	
-8.83726	-2.00674	-0.0415833	-0.310492	-2.98809	
-8.9213	-1.6807	-0.048463	-0.137594	-3.05991	
-9.01326	-1.8392	-0.056797	-0.166681	-3.05121	
-9.10907	-1.91627	-0.0658391	-0.180841	-3.0475	
-9.20292	-1.877	-0.0865202	-0.413623	-2.9247	
-9.29379	-1.81735	-0.101683	-0.303251	-2.97625	
-9.38948	-1.91389	-0.126295	-0.492241	-2.88985	
-9.48588	-1.92803	-0.14896	-0.453308	-2.91067	
-9.58646	-2.01147	-0.166773	-0.356262	-2.9663	
-9.68703	-2.01137	-0.18781	-0.42074	-2.93539	
-9.77713	-1.80219	-0.203577	-0.315341	-2.96837	
-9.87136	-1.88444	-0.221796	-0.364381	-2.95059	
-9.96775	-1.92779	-0.246991	-0.503899	-2.88593	
-10.0649	-1.94265	-0.271617	-0.492515	-2.8933	
-10.1595	-1.89156	-0.295528	-0.478208	-2.89397	
-10.2553	-1.91723	-0.312837	-0.346192	-2.96295	
-10.3613	-2.11899	-0.335357	-0.450389	-2.93216	
-10.4606	-1.98627	-0.357107	-0.435009	-2.92599	
-10.5429	-1.64562	-0.367406	-0.205976	-3.01707	
-10.6376	-1.89403	-0.378015	-0.212184	-3.03003	
-10.7354	-1.95641	-0.390695	-0.253589	-3.01269	
-10.8307	-1.90538	-0.40073	-0.200711	-3.03664	
-10.9268	-1.92341	-0.402972	-0.0448397	-3.11828	
-11.033	-2.12304	-0.408628	-0.11312	-3.08836	
-11.1193	-1.7258	-0.414145	-0.110345	-3.07774	
-11.209	-1.79509	-0.427435	-0.265797	-2.99459	
-11.3114	-2.04854	-0.444447	-0.340241	-2.97701	
-11.4083	-1.93785	-0.458559	-0.282238	-2.99696	
-11.5118	-2.06924	-0.466599	-0.160801	-3.06404	
-11.6144	-2.05133	-0.488917	-0.446361	-2.92734	
-11.7164	-2.03974	-0.509318	-0.408009	-2.94417	
-11.8174	-2.02115	-0.516696	-0.147563	-3.06871	
-11.9146	-1.94304	-0.525534	-0.176772	-3.05087	
-12.0132	-1.97324	-0.533358	-0.15647	-3.06246	
-12.1167	-2.06872	-0.53767	-0.0862439	-3.09993	
-12.2224	-2.1141	-0.544808	-0.142757	-3.07417	
-12.3233	-2.01935	-0.555291	-0.209653	-3.03814	
-12.4275	-2.08397	-0.569325	-0.28069	-3.00771	
-12.533	-2.10985	-0.587339	-0.360274	-2.97247	
-12.6377	-2.09364	-0.609002	-0.433256	-2.93753	
-12.735	-1.94603	-0.627178	-0.363527	-2.95692	
-12.8329	-1.95748	-0.649681	-0.450071	-2.9156	
-12.9313	-1.96801	-0.674297	-0.492321	-2.89646	
-13.0315	-2.0046	-0.693333	-0.380717	-2.95391	
-13.1343	-2.05552	-0.719498	-0.523292	-2.89231	
-13.2293	-1.89971	-0.742274	-0.455523	-2.90625	
-13.3347	-2.10846	-0.768843	-0.531376	-2.89471	
-13.4244	-1.79355	-0.787841	-0.379973	-2.93282	
-13.5222	-1.95641	-0.807513	-0.393439	-2.94314	
-13.6153	-1.86303	-0.829842	-0.446565	-2.90633	
-13.7113	-1.91951	-0.852478	-0.452732	-2.90997	
-13.8064	-1.90253	-0.888054	-0.711506	-2.78372	
-13.8998	-1.86768	-0.918146	-0.601843	-2.82986	
-13.984	-1.68335	-0.947799	-0.593057	-2.80286	
-14.0745	-1.81003	-0.979733	-0.638696	-2.80237	
-14.171	-1.92929	-0.993665	-0.278623	-2.99817	
-14.2682	-1.94495	-1.01608	-0.44823	-2.91509	
-14.3658	-1.95172	-1.04173	-0.513068	-2.88453	
-14.4566	-1.81676	-1.06855	-0.536504	-2.85445	
-14.5487	-1.84111	-1.09747	-0.578247	-2.83727	
-14.6332	-1.6905	-1.13538	-0.75825	-2.71996	
-14.7218	-1.77104	-1.17442	-0.780771	-2.72637	
-14.8144	-1.85299	-1.2183	-0.877569	-2.69929	
-14.9012	-1.73594	-1.26547	-0.94345	-2.64377	
-15.0047	-2.06867	-1.30632	-0.816923	-2.76549	
-15.101	-1.92695	-1.35025	-0.878601	-2.7138	
-15.1937	-1.85318	-1.39159	-0.826847	-2.72192	
-15.2857	-1.84099	-1.43277	-0.823659	-2.7209	
-15.377	-1.82554	-1.47819	-0.908345	-2.67989	
-15.4689	-1.83795	-1.52334	-0.903018	-2.68492	
-15.5692	-2.00649	-1.5638	-0.809152	-2.75827	
-15.6713	-2.04125	-1.59351	-0.59432	-2.85827	
-15.7721	-2.01634	-1.62962	-0.72207	-2.79771	
-15.8541	-1.64063	-1.66878	-0.783317	-2.69615	
-15.9397	-1.71111	-1.71015	-0.827438	-2.69118	
-16.0266	-1.73844	-1.75252	-0.84743	-2.68802	
