#1 AntVel X	#2 AntVel Y	#3 Speed	#4 Turning Angle Rad		#5 Turning Angle Deg	#6 Detected Phero Left	#7 Detected Phero Right	
0	0.5	0.5	0	0	0	0
0	0.5	0.5	0	0	0	0
0	0.5	0.5	0	0	0	0
0	0.5	0.5	0	0	0	0
0	0.5	0.5	0	0	0	0
0	0.5	0.5	0	0	0	0
0	0.5	0.5	0	0	0	0
0	0.5	0.5	0	0	0	0
0	0.5	0.5	0	0	0	0
0	0.5	0.5	0	0	0	0
0	0.5	0.5	0	0	0	0
0	0.5	0.5	0	0	0	0
0	0.5	0.5	0	0	0	0
0	0.5	0.5	0	0	0	0
0	0.5	0.5	0	0	0	0
0	0.5	0.5	0	0	0	0
0	0.5	0.5	0	0	0	0
0	0.5	0.5	0	0	0	0
0	0.5	0.5	0	0	0	0
0	0.5	0.5	0	0	0	0
0	0.5	0.5	0	0	0	0
0	0.5	0.5	0	0	0	0
0	0.5	0.5	0	0	0	0
0	0.5	0.5	0	0	0	0
0	0.5	0.5	0	0	0	0
0	0.5	0.5	0	0	0	0
0	0.5	0.5	0	0	0	0
0	0.5	0.5	0	0	0	0
0	0.5	0.5	0	0	0	0
0	0.5	0.5	0	0	0	0
0	0.5	0.5	0	0	0	0
0	0.5	0.5	0	0	0	0
0	0.5	0.5	0	0	0	0
0	0.5	0.5	0	0	0	0
0	0.5	0.5	0	0	0	0
0	0.5	0.5	0	0	0	0
0	0.5	0.5	0	0	0	0
-0.0310108	1.25297	1.25336	-0.0247447	-1.41777	3.62485	3.62485
-0.0485539	1.63538	1.6361	-0.00493617	-0.282822	3.66856	3.58281
-0.0697193	1.81679	1.81813	-0.00867529	-0.497058	3.68345	3.56889
-0.1909	2.15656	2.16499	-0.0499344	-2.86103	3.70768	3.5468
-0.246948	2.0897	2.10425	-0.0293377	-1.68093	3.82248	3.45247
-0.194136	2.09798	2.10694	0.0253562	1.4528	3.91458	3.38358
-0.227745	1.98458	1.9976	-0.0219853	-1.25967	3.89608	3.39123
-0.248584	1.95772	1.97344	-0.0120428	-0.690004	3.97327	3.33551
-0.422653	1.92536	1.97121	-0.0897909	-5.14464	4.03643	3.29094
-0.646845	1.94908	2.05361	-0.104344	-5.97844	4.3019	3.14572
-0.998923	1.96631	2.2055	-0.149608	-8.57192	4.68583	2.98691
-1.34458	1.6878	2.1579	-0.202651	-11.611	5.36005	2.79915
-1.43146	1.02088	1.75821	-0.278591	-15.9621	5.08756	2.61995
-1.6814	0.907769	1.9108	-0.124464	-7.13125	4.0042	2.51462
-1.70542	0.91102	1.9335	-0.00442369	-0.253459	3.484	2.42282
-1.92566	0.633563	2.02721	-0.172769	-9.89894	3.26337	2.30743
-2.11935	0.468293	2.17047	-0.100389	-5.75189	2.7909	2.25045
-1.99344	0.387875	2.03083	-0.0252915	-1.4491	2.49486	2.17188
-1.98862	0.337294	2.01702	-0.0241611	-1.38433	2.32893	2.07632
-2.07449	0.277446	2.09296	-0.0350608	-2.00884	2.18586	1.99098
-1.89536	0.224719	1.90864	-0.0149408	-0.856043	2.05067	1.91595
-2.03457	0.109286	2.03751	-0.0643488	-3.68691	1.95431	1.84888
-1.86807	-0.0273529	1.86827	-0.0683043	-3.91355	1.8432	1.80161
-1.83589	0.0806268	1.83766	0.0585301	3.35353	1.75659	1.76653
-1.86215	0.0415887	1.86261	-0.0215587	-1.23523	1.7235	1.69743
-1.96694	-0.0177687	1.96702	-0.0313635	-1.79699	1.67021	1.65868
-1.98649	-0.0180973	1.98658	-7.64589e-05	-0.00438077	1.62072	1.62472
-1.92819	-0.0599637	1.92912	-0.0219786	-1.25928	1.58501	1.58845
-1.93306	-0.0397586	1.93346	0.0105237	0.602961	1.55206	1.56209
-2.08995	-0.00588189	2.08996	0.0177505	1.01703	1.52873	1.53436
-2.11854	-0.246107	2.13278	-0.112836	-6.46502	1.50801	1.50865
-1.60913	-0.323116	1.64125	-0.0825159	-4.72782	1.47904	1.50111
-1.78372	-0.0781325	1.78543	0.154391	8.84595	1.46295	1.4961
-1.85302	-0.120015	1.85691	-0.0209015	-1.19757	1.46139	1.46749
-1.9473	-0.0815284	1.94901	0.0228337	1.30828	1.45026	1.45787
-1.97207	-0.0823063	1.97379	0.000131176	0.00751584	1.44261	1.44671
-1.95757	-0.202828	1.96805	-0.061532	-3.52552	1.43517	1.43856
-1.97392	-0.195092	1.98354	0.00472862	0.27093	1.42727	1.43426
-2.03976	-0.126931	2.0437	0.0363666	2.08365	1.42256	1.42808
-1.98736	-0.159082	1.99372	-0.0177282	-1.01575	1.41915	1.422
-1.90955	-0.385262	1.94803	-0.119206	-6.82999	1.41545	1.41847
-1.93045	-0.390609	1.96957	-0.000562543	-0.0322313	1.41142	1.41778
-1.84549	-0.50029	1.9121	-0.0650809	-3.72886	1.40942	1.4147
-1.90389	-0.510384	1.97111	0.00280965	0.160981	1.40743	1.41337
-1.79702	-0.504769	1.86657	-0.0119196	-0.682942	1.40616	1.41103
-1.77849	-0.304034	1.80429	0.104522	5.98867	1.4051	1.40938
-1.93624	-0.216415	1.9483	0.0580051	3.32345	1.40467	1.40683
-2.00994	-0.16239	2.01649	0.0306905	1.75844	1.40407	1.40523
-1.88558	-0.0882223	1.88764	0.0338644	1.94029	1.40344	1.40412
-1.92983	0.0310416	1.93008	0.0628377	3.60033	1.40295	1.40328
-1.94972	0.0410882	1.95015	0.00498702	0.285735	1.40261	1.40252
-1.89085	0.000830899	1.89085	-0.0206314	-1.18209	1.40216	1.40206
-1.92185	0.17673	1.92996	0.0912611	5.22888	1.40175	1.40175
-2.14362	0.164127	2.1499	-0.0152845	-0.875739	1.40161	1.40131
-2.1225	0.0249769	2.12265	-0.0646489	-3.70411	1.40127	1.40107
-2.21157	-0.128418	2.21529	-0.0697683	-3.99743	1.40095	1.40093
-1.90489	0.144334	1.91035	0.133627	7.65626	1.40071	1.40081
-2.16284	0.16248	2.16894	-0.00064331	-0.0368589	1.40068	1.40057
-2.04516	0.10809	2.04801	-0.0221801	-1.27083	1.40055	1.40046
-2.00166	-0.0934041	2.00384	-0.0994319	-5.69703	1.40044	1.40039
-1.72303	-0.0626118	1.72416	0.0103072	0.590557	1.40032	1.40035
-1.83788	-0.0649955	1.83903	0.000972649	0.0557287	1.40027	1.40029
-1.91536	-0.0905574	1.9175	-0.0118947	-0.681515	1.40023	1.40024
-1.98145	0.0862354	1.98333	0.0907382	5.19892	1.40018	1.4002
-1.86849	0.255903	1.88593	0.0926168	5.30655	1.40017	1.40015
-1.93344	0.248252	1.94932	-0.00841044	-0.481883	1.40016	1.40011
-1.96642	0.38161	2.0031	0.0639805	3.66581	1.40013	1.4001
-1.91291	0.59836	2.00431	0.111478	6.38725	1.40011	1.40007
-1.8636	0.548385	1.94261	-0.0169765	-0.972684	1.40011	1.40006
-1.76572	0.48601	1.83138	-0.0175862	-1.00761	1.40009	1.40005
-2.03411	0.417163	2.07644	-0.0663175	-3.79971	1.40007	1.40004
-1.92237	0.386535	1.96085	-0.0038528	-0.220749	1.40005	1.40003
-1.77259	0.261096	1.79172	-0.0521818	-2.9898	1.40004	1.40003
-1.86994	0.287117	1.89185	0.00610928	0.350036	1.40003	1.40002
-1.94127	0.324335	1.96818	0.0131906	0.755767	1.40003	1.40002
-1.63083	-0.0699859	1.63233	-0.208432	-11.9423	1.40002	1.40002
-1.86614	-0.140837	1.87145	-0.0324388	-1.8586	1.40002	1.40002
-1.95187	-0.398638	1.99217	-0.126136	-7.22707	1.40001	1.40002
-1.91336	-0.310937	1.93846	0.0403629	2.31263	1.40001	1.40001
-1.88264	-0.596855	1.97498	-0.145907	-8.35988	1.40001	1.40001
-1.83823	-0.631291	1.94361	-0.0237965	-1.36344	1.40001	1.40001
-2.02925	-0.455424	2.07973	0.110033	6.30441	1.4	1.40001
-2.06803	-0.240566	2.08197	0.104966	6.0141	1.4	1.40001
-2.24979	-0.263303	2.26514	-0.000699014	-0.0400506	1.4	1.4
-2.11822	-0.247702	2.13265	9.44768e-05	0.00541312	1.4	1.4
-2.03701	-0.236347	2.05068	0.000900318	0.0515844	1.4	1.4
-2.16509	-0.148172	2.17016	0.0471795	2.70319	1.4	1.4
-2.04268	-0.210534	2.0535	-0.0343745	-1.96951	1.4	1.4
-2.04825	-0.097751	2.05058	0.0550168	3.15223	1.4	1.4
-1.92801	-0.397868	1.96864	-0.155817	-8.92766	1.4	1.4
-1.97297	-0.288611	1.99397	0.058253	3.33765	1.4	1.4
-2.13796	-0.198685	2.14717	0.0525858	3.01295	1.4	1.4
-2.08001	-0.202598	2.08985	-0.0044299	-0.253815	1.4	1.4
-1.99478	-0.242644	2.00949	-0.0239485	-1.37215	1.4	1.4
-1.96816	0.0493265	1.96878	0.146102	8.371	1.4	1.4
-1.98351	0.0671168	1.98464	0.0087675	0.502341	1.4	1.4
-1.95679	0.169239	1.96409	0.0524491	3.00511	1.4	1.4
-2.13279	0.422522	2.17424	0.109302	6.26254	1.4	1.4
-1.75394	0.61917	1.86002	0.143784	8.2382	1.4	1.4
-1.49705	0.555736	1.59687	0.0160938	0.922106	1.4	1.4
-1.77718	0.995262	2.03689	0.155052	8.88385	1.4	1.4
-1.72503	0.884783	1.9387	-0.036584	-2.09611	1.4	1.4
-1.77306	0.920007	1.99754	0.00471543	0.270174	1.4	1.4
-1.45829	1.0724	1.81015	0.155443	8.90625	1.4	1.4
-1.34513	1.04767	1.70499	0.0276363	1.58344	1.4	1.4
-1.17709	1.17334	1.66201	0.122083	6.99486	1.4	1.4
-1.06039	1.20476	1.60495	0.06525	3.73855	1.4	1.4
-1.10785	1.37981	1.76952	0.0452391	2.59201	1.4	1.4
-1.18855	1.47514	1.89438	-0.00171236	-0.0981108	1.4	1.4
-1.20704	1.55216	1.96625	0.0172524	0.988492	1.4	1.4
-1.20893	1.633	2.0318	0.0236977	1.35778	1.4	1.4
-1.19813	1.62459	2.01862	0.00181915	0.104229	1.4	1.4
-1.1929	1.6174	2.00972	-2.93342e-05	-0.00168073	1.4	1.4
-0.962928	1.44184	1.73382	0.0466593	2.67338	1.4	1.4
-1.06665	1.59038	1.91495	-0.00196047	-0.112327	1.4	1.4
-0.953957	1.51061	1.78661	0.0275188	1.57671	1.4	1.4
-1.06793	1.59612	1.92044	-0.0264112	-1.51325	1.4	1.4
-1.39787	1.59901	2.12388	-0.128707	-7.37434	1.4	1.4
-1.34604	1.62451	2.10971	0.0264517	1.51557	1.4	1.4
-1.43094	1.58801	2.13761	-0.0414887	-2.37713	1.4	1.4
-1.4134	1.40327	1.9917	-0.0555798	-3.18449	1.4	1.4
-1.39773	1.48062	2.03614	0.0323867	1.85562	1.4	1.4
-1.16208	1.52029	1.91357	0.103968	5.95694	1.4	1.4
-1.16396	1.50617	1.9035	-0.00528877	-0.303024	1.4	1.4
-1.32406	1.61238	2.08636	-0.0295929	-1.69555	1.4	1.4
-1.2881	1.44367	1.93478	-0.0409865	-2.34836	1.4	1.4
-1.36068	1.29888	1.8811	-0.0801213	-4.59061	1.4	1.4
-1.45078	1.34164	1.97605	-0.0158324	-0.907132	1.4	1.4
-1.34799	1.25927	1.84468	0.00505094	0.289398	1.4	1.4
-1.45125	1.30984	1.95494	-0.0171548	-0.982899	1.4	1.4
-1.41144	1.34665	1.9508	0.0276826	1.5861	1.4	1.4
-1.25392	1.35382	1.8453	0.061774	3.53939	1.4	1.4
-1.47281	1.22098	1.9131	-0.131503	-7.53459	1.4	1.4
-1.41634	1.13717	1.81637	-0.0156788	-0.898327	1.4	1.4
-1.48426	1.19747	1.90708	0.00235686	0.135038	1.4	1.4
-1.78362	1.13416	2.11367	-0.112476	-6.44441	1.4	1.4
-1.94454	1.00041	2.18679	-0.0912274	-5.22695	1.4	1.4
-1.72079	0.969254	1.97499	0.03781	2.16635	1.4	1.4
-1.90489	0.946488	2.12707	-0.0518233	-2.96926	1.4	1.4
-1.74318	0.832269	1.93167	-0.0157047	-0.89981	1.4	1.4
-1.78865	0.902728	2.00355	0.0219596	1.2582	1.4	1.4
-1.7508	0.908455	1.97246	0.0112391	0.643951	1.4	1.4
-1.70954	0.973134	1.96711	0.0388559	2.22628	1.4	1.4
-1.73231	0.970425	1.98561	-0.00686018	-0.393059	1.4	1.4
-1.68558	1.03354	1.97722	0.039413	2.2582	1.4	1.4
-1.67536	1.01778	1.96028	-0.00412846	-0.236543	1.4	1.4
-1.76053	1.14423	2.09969	0.030412	1.74248	1.4	1.4
-1.7163	1.1177	2.04816	0.000907362	0.051988	1.4	1.4
-1.60941	1.19774	2.00618	0.0625483	3.58375	1.4	1.4
-1.51535	1.13401	1.89269	0.00265674	0.15222	1.4	1.4
-1.67724	1.13788	2.0268	-0.0463444	-2.65534	1.4	1.4
-1.56744	1.12923	1.93185	0.0282085	1.61623	1.4	1.4
-1.71038	1.26247	2.12585	0.0115496	0.661746	1.4	1.4
-1.86865	1.17432	2.207	-0.0747914	-4.28523	1.4	1.4
-1.85553	1.0211	2.11793	-0.0579902	-3.32259	1.4	1.4
-1.67989	1.14383	2.03233	0.0947144	5.42674	1.4	1.4
-1.50219	1.04401	1.82935	0.00956558	0.548067	1.4	1.4
-1.54619	1.28669	2.01153	0.0866961	4.96732	1.4	1.4
-1.35524	1.32161	1.89297	0.0787853	4.51407	1.4	1.4
-1.53372	1.28159	1.99869	-0.0767546	-4.39771	1.4	1.4
-1.58299	1.51846	2.19353	0.0685122	3.92546	1.4	1.4
-1.34328	1.52482	2.03211	0.0840167	4.8138	1.4	1.4
-1.18442	1.62713	2.01256	0.0929667	5.3266	1.4	1.4
