#1 AntVel X	#2 AntVel Y	#3 Speed	#4 Turning Angle Rad		#5 Turning Angle Deg	#6 Detected Phero Left	#7 Detected Phero Right	
0	0.5	0.5	0	0	0	0
0	0.5	0.5	0	0	0	0
0	0.5	0.5	0	0	0	0
0	0.5	0.5	0	0	0	0
0	0.5	0.5	0	0	0	0
-0.0230513	1.30422	1.30442	-0.0176726	-1.01256	3.62485	3.62485
-0.118763	1.7145	1.71861	-0.0514868	-2.94997	3.65602	3.59453
-0.155969	1.80576	1.81248	-0.017	-0.974026	3.75926	3.50413
-0.27402	1.95007	1.96923	-0.0534447	-3.06215	3.81234	3.46076
-0.356417	2.13966	2.16914	-0.0254572	-1.45859	3.95514	3.35878
-0.445828	2.03887	2.08704	-0.0502145	-2.87708	4.06337	3.28604
-0.652364	1.93102	2.03823	-0.110521	-6.33236	4.24738	3.18119
-1.32709	1.90571	2.32226	-0.282493	-16.1856	4.64283	3.0143
-1.52738	1.58772	2.20312	-0.157741	-9.0379	5.6182	2.74715
-1.67785	1.33078	2.14153	-0.134219	-7.69016	4.73954	2.59447
-1.66212	0.946539	1.91274	-0.152874	-8.75905	4.06022	2.47124
-1.72252	0.962553	1.97322	-0.00809555	-0.463841	3.47237	2.38479
-1.83088	0.843346	2.01578	-0.0779254	-4.4648	3.24407	2.27283
-2.05132	0.748697	2.18368	-0.0816926	-4.68064	2.9169	2.18556
-1.82191	0.568656	1.9086	-0.0474213	-2.71704	2.6195	2.10019
-2.00031	0.589962	2.08549	-0.0157342	-0.901501	2.4255	2.02571
-2.04559	0.477716	2.10063	-0.057381	-3.28769	2.27534	1.94101
-1.91415	0.79005	2.07078	0.162019	9.28302	2.11048	1.87741
-2.20735	0.818056	2.35406	-0.0365296	-2.09299	2.13139	1.77121
-2.0815	0.660383	2.18374	-0.0476947	-2.73271	1.99419	1.71477
-1.94517	0.580227	2.02986	-0.0173295	-0.992908	1.87835	1.67121
-2.11251	0.193453	2.12135	-0.198569	-11.3771	1.80081	1.63167
-2.01057	0.10945	2.01355	-0.0369368	-2.11632	1.66919	1.62496
-2.00404	0.102332	2.00665	-0.00336462	-0.192779	1.61729	1.59484
-2.03043	0.148509	2.03585	0.0219928	1.26009	1.58116	1.56327
-2.24963	0.126977	2.25321	-0.0166281	-0.952722	1.55444	1.53279
-2.10174	0.141994	2.10653	0.0110743	0.634514	1.52335	1.50957
-2.07351	0.112429	2.07656	-0.0132892	-0.761417	1.5027	1.48898
-2.35315	0.00634866	2.35316	-0.0514706	-2.94905	1.48323	1.47409
-1.92676	-0.0565114	1.92759	-0.0320193	-1.83457	1.46282	1.46245
-1.95884	-0.0596666	1.95975	-0.0011293	-0.0647042	1.45042	1.45375
-1.92166	0.123704	1.92564	0.0947354	5.42794	1.44165	1.44453
-1.87036	-0.136533	1.87534	-0.137154	-7.85834	1.43841	1.43333
-1.99959	-0.158248	2.00584	-0.00610657	-0.349881	1.42751	1.43233
-1.92003	-0.155963	1.92635	-0.00207574	-0.118931	1.42246	1.42677
-2.12799	-0.0743575	2.12929	0.0461231	2.64266	1.41855	1.42222
-2.05959	-0.0893955	2.06153	-0.0084489	-0.484087	1.41578	1.41706
-1.84341	-0.266316	1.86255	-0.100099	-5.73526	1.41275	1.41405
-1.92146	-0.16638	1.92865	0.0571014	3.27167	1.4096	1.41323
-2.03431	-0.212512	2.04538	-0.0177112	-1.01478	1.40839	1.41018
-1.98858	-0.177244	1.99647	0.0151901	0.870331	1.40673	1.4085
-2.18305	0.00117631	2.18305	0.089435	5.12425	1.40561	1.40685
-2.1022	0.0174876	2.10228	0.00777968	0.445743	1.40497	1.40496
-2.15454	-0.062217	2.15544	-0.0371877	-2.1307	1.40406	1.40399
-2.08059	0.138416	2.08519	0.0952987	5.46021	1.40314	1.40336
-1.94715	0.109785	1.95024	-0.0101068	-0.579077	1.40285	1.40245
-2.15971	0.189376	2.16799	0.0311395	1.78416	1.40232	1.40204
-2.10308	0.188522	2.11151	0.00193959	0.11113	1.40194	1.40159
-2.06551	0.0728511	2.0668	-0.0541463	-3.10235	1.40158	1.40129
-2.04417	-0.0422075	2.04461	-0.0559004	-3.20286	1.4012	1.40111
-2.00321	-0.0489062	2.00381	-0.00376425	-0.215676	1.40092	1.40096
-2.03989	-0.0995559	2.04232	-0.0243569	-1.39555	1.40075	1.40079
-2.05381	-0.00728936	2.05382	0.0452168	2.59073	1.4006	1.40066
-1.8274	0.0652697	1.82857	0.0392512	2.24893	1.40051	1.40051
-1.90579	0.20062	1.91632	0.0691801	3.96373	1.40044	1.40041
-1.98701	0.231667	2.00047	0.0111845	0.640824	1.4004	1.40031
-2.01039	0.306939	2.03368	0.0354399	2.03056	1.40033	1.40026
-2.00342	0.278963	2.02275	-0.0131528	-0.753601	1.40028	1.4002
-1.8635	0.179877	1.87216	-0.0421254	-2.41361	1.40023	1.40017
-1.96862	0.373907	2.00381	0.0914701	5.24085	1.40018	1.40014
-1.94286	0.455695	1.99559	0.0426855	2.4457	1.40017	1.40011
-1.86858	0.622972	1.96969	0.0914214	5.23806	1.40014	1.40009
-1.88838	0.627704	1.98998	-0.000892341	-0.0511273	1.40014	1.40007
-1.95729	0.593521	2.0453	-0.0264901	-1.51777	1.40011	1.40006
-2.01388	0.594113	2.09968	-0.00755052	-0.432613	1.40009	1.40005
-2.01342	0.524025	2.0805	-0.0322549	-1.84807	1.40007	1.40004
-1.97035	0.545176	2.04438	0.0153198	0.877763	1.40006	1.40003
-2.28275	0.647424	2.37279	0.00642098	0.367895	1.40005	1.40003
-2.13997	0.345152	2.16763	-0.116447	-6.67194	1.40004	1.40002
-2.07744	0.454015	2.12647	0.0552518	3.16569	1.40003	1.40002
-2.09821	0.551319	2.16943	0.041786	2.39416	1.40002	1.40001
-2.17001	0.52706	2.2331	-0.0186784	-1.07019	1.40002	1.40001
-2.03752	0.76036	2.17477	0.118903	6.81263	1.40002	1.40001
-1.96761	0.776642	2.11534	0.0187668	1.07526	1.40001	1.40001
-1.98192	0.605563	2.07237	-0.0794053	-4.54959	1.40001	1.40001
-2.05396	0.655064	2.15589	0.0121955	0.698749	1.40001	1.4
-1.98293	0.660881	2.09016	0.0129774	0.743552	1.40001	1.4
-1.75256	0.594273	1.85058	0.00521364	0.298719	1.40001	1.4
-1.78404	0.642671	1.89627	0.0188404	1.07948	1.40001	1.4
-1.85183	0.641207	1.9597	-0.0124268	-0.712001	1.4	1.4
-1.8963	0.752621	2.0402	0.0444865	2.54889	1.4	1.4
-1.78681	0.461136	1.84535	-0.125254	-7.17653	1.4	1.4
-1.77234	0.487818	1.83825	0.0160213	0.917952	1.4	1.4
-1.85003	0.509561	1.91892	0.000181295	0.0103874	1.4	1.4
-1.89313	0.535238	1.96734	0.00676523	0.387619	1.4	1.4
-1.82214	0.615133	1.92317	0.0500411	2.86714	1.4	1.4
-1.8524	0.600371	1.94726	-0.0121541	-0.696377	1.4	1.4
-1.76561	0.619883	1.87126	0.0242213	1.38778	1.4	1.4
-2.01905	0.776382	2.16317	0.0294556	1.68768	1.4	1.4
-1.64084	0.657556	1.76769	0.0140491	0.804956	1.4	1.4
-1.73236	0.711822	1.8729	0.00871695	0.499444	1.4	1.4
-1.61449	0.642422	1.73761	-0.011161	-0.639476	1.4	1.4
-1.70566	0.659041	1.82855	-0.00998864	-0.572307	1.4	1.4
-1.75977	0.675347	1.88491	-0.00227821	-0.130532	1.4	1.4
-1.86574	0.688377	1.98868	-0.0129754	-0.743435	1.4	1.4
-1.66914	0.722446	1.81878	0.0550174	3.15226	1.4	1.4
-1.77435	0.890382	1.98522	0.0566142	3.24375	1.4	1.4
-1.81578	0.87009	2.01348	-0.0182369	-1.0449	1.4	1.4
-1.88118	0.894336	2.08295	-0.00307189	-0.176006	1.4	1.4
-1.9197	0.868069	2.10684	-0.0191109	-1.09497	1.4	1.4
-2.01965	1.00101	2.25411	0.0354769	2.03268	1.4	1.4
-1.99851	0.904749	2.19377	-0.0350442	-2.00789	1.4	1.4
-1.53443	0.84003	1.74932	0.0757796	4.34185	1.4	1.4
-1.60484	0.893883	1.837	0.0073082	0.418729	1.4	1.4
-1.74886	1.04322	2.03637	0.0296571	1.69923	1.4	1.4
-1.89948	1.32982	2.31871	0.0729387	4.17908	1.4	1.4
-1.79665	1.09608	2.1046	-0.0629989	-3.60957	1.4	1.4
-1.83965	0.959316	2.07475	-0.0671175	-3.84555	1.4	1.4
-1.81006	0.916823	2.02901	-0.0118268	-0.677625	1.4	1.4
-1.71987	0.940329	1.96014	0.0314943	1.80449	1.4	1.4
-1.8677	0.941781	2.09171	-0.0333032	-1.90813	1.4	1.4
-1.82781	0.996865	2.08198	0.0322573	1.84821	1.4	1.4
-1.61429	0.95395	1.87509	0.0344355	1.97301	1.4	1.4
-1.49077	0.844999	1.7136	-0.0180657	-1.03509	1.4	1.4
-1.62244	0.907427	1.85896	-0.00571071	-0.3272	1.4	1.4
-1.76382	0.959607	2.00796	-0.0116891	-0.669736	1.4	1.4
-1.68992	1.12257	2.02879	0.0880819	5.04672	1.4	1.4
-1.59601	1.15697	1.97125	0.0409052	2.3437	1.4	1.4
-1.6077	1.15991	1.98245	-0.00225976	-0.129475	1.4	1.4
-1.60248	1.21748	2.01252	0.0247194	1.41631	1.4	1.4
-1.57089	1.18707	1.96897	-0.00259336	-0.148589	1.4	1.4
-1.54322	1.26505	1.99546	0.0395482	2.26595	1.4	1.4
-1.47964	1.3047	1.97271	0.0359863	2.06186	1.4	1.4
-1.78321	1.37777	2.25346	-0.0648222	-3.71404	1.4	1.4
-1.82559	1.40258	2.30218	-0.00272525	-0.156145	1.4	1.4
-1.69874	1.34508	2.16679	0.0146242	0.837905	1.4	1.4
-1.75549	1.37564	2.23028	-0.00505479	-0.289618	1.4	1.4
-1.56681	1.22319	1.98774	-0.00182154	-0.104366	1.4	1.4
-1.6117	1.32582	2.08696	0.0255282	1.46266	1.4	1.4
-1.71831	1.1559	2.07091	-0.096217	-5.51283	1.4	1.4
-1.64531	1.00898	1.93005	-0.0420616	-2.40995	1.4	1.4
-2.0354	1.04507	2.28802	-0.0757539	-4.34038	1.4	1.4
-2.04358	1.00714	2.27828	-0.0164517	-0.942611	1.4	1.4
-1.94854	0.936354	2.16184	-0.00993706	-0.569352	1.4	1.4
-1.85169	0.96198	2.08666	0.0311776	1.78635	1.4	1.4
-1.55611	0.971263	1.83435	0.078858	4.51823	1.4	1.4
-1.50762	1.17028	1.90853	0.102089	5.8493	1.4	1.4
-1.76754	1.21201	2.14317	-0.0590209	-3.38165	1.4	1.4
-1.79008	1.13932	2.12189	-0.0342639	-1.96318	1.4	1.4
-1.77934	1.07572	2.07924	-0.0230344	-1.31978	1.4	1.4
-1.74744	1.0802	2.05436	0.00990144	0.567311	1.4	1.4
-1.73714	1.07051	2.0405	-0.00138445	-0.0793233	1.4	1.4
-1.86911	1.0373	2.13766	-0.0456321	-2.61453	1.4	1.4
-1.81125	0.991829	2.06503	-0.00565767	-0.324161	1.4	1.4
-1.84916	0.973083	2.08956	-0.0165826	-0.950111	1.4	1.4
-1.66543	0.926947	1.90601	0.0234719	1.34484	1.4	1.4
-1.59929	1.01177	1.89246	0.05619	3.21945	1.4	1.4
-1.72364	0.860847	1.92665	-0.100876	-5.77979	1.4	1.4
-1.78642	0.888256	1.99507	-0.00177028	-0.101429	1.4	1.4
-1.87146	1.01068	2.12693	0.0337461	1.93351	1.4	1.4
-1.707	0.818995	1.89331	-0.0478267	-2.74027	1.4	1.4
-1.75451	0.842292	1.94621	0.000234566	0.0134397	1.4	1.4
-1.77803	0.920337	2.0021	0.0300609	1.72236	1.4	1.4
-1.81951	0.854913	2.01035	-0.0383952	-2.19989	1.4	1.4
-1.81004	0.886749	2.01559	0.0162931	0.933524	1.4	1.4
-1.89016	0.864967	2.07867	-0.0263692	-1.51084	1.4	1.4
-2.05392	0.809205	2.20757	-0.0538621	-3.08607	1.4	1.4
-1.99843	0.632798	2.09622	-0.0686478	-3.93323	1.4	1.4
-1.88849	0.508844	1.95585	-0.043466	-2.49042	1.4	1.4
-1.76089	0.560317	1.84789	0.0448761	2.57121	1.4	1.4
-1.8485	0.434883	1.89897	-0.0770087	-4.41227	1.4	1.4
-1.91974	0.0441513	1.92025	-0.208066	-11.9213	1.4	1.4
-1.94486	-0.0647038	1.94593	-0.0562514	-3.22297	1.4	1.4
-1.90447	-0.0602627	1.90542	0.00162462	0.0930839	1.4	1.4
-2.02994	0.0903734	2.03195	0.0761231	4.36153	1.4	1.4
-2.05289	0.161241	2.05922	0.0338914	1.94183	1.4	1.4
-1.99871	0.165773	2.00558	0.00436803	0.25027	1.4	1.4
-1.9892	0.243388	2.00403	0.0389996	2.23451	1.4	1.4
-1.90744	0.0358034	1.90778	-0.102982	-5.90042	1.4	1.4
-1.89488	-0.169109	1.90241	-0.107777	-6.17519	1.4	1.4
-1.87894	-0.273593	1.89876	-0.0555845	-3.18476	1.4	1.4
-1.84779	-0.232924	1.86241	0.0191996	1.10006	1.4	1.4
-1.93437	-0.233106	1.94836	0.00546475	0.313107	1.4	1.4
-1.96249	-0.394412	2.00174	-0.0784036	-4.4922	1.4	1.4
-1.88324	-0.349857	1.91546	0.0146532	0.839566	1.4	1.4
-2.07991	-0.266452	2.09691	0.0562665	3.22383	1.4	1.4
-2.02515	-0.319987	2.05028	-0.0292973	-1.67861	1.4	1.4
-1.93205	-0.389388	1.9709	-0.0421664	-2.41596	1.4	1.4
-2.13496	-0.444333	2.18071	-0.00631585	-0.361872	1.4	1.4
-2.05763	-0.423238	2.10071	0.00233031	0.133517	1.4	1.4
-1.89117	-0.436274	1.94084	-0.0238607	-1.36712	1.4	1.4
-1.89198	-0.263191	1.91019	0.0885009	5.07073	1.4	1.4
-1.82319	-0.116012	1.82687	0.0746764	4.27864	1.4	1.4
-1.96394	-0.292081	1.98554	-0.0840937	-4.81822	1.4	1.4
-1.84288	-0.136452	1.84792	0.0737317	4.22452	1.4	1.4
-1.91853	-0.136853	1.92341	0.00269644	0.154495	1.4	1.4
-1.80578	-0.338618	1.83725	-0.114155	-6.54061	1.4	1.4
-1.87856	-0.469224	1.93627	-0.0594035	-3.40357	1.4	1.4
-1.96115	-0.692005	2.07966	-0.0944474	-5.41144	1.4	1.4
-1.90844	-0.537455	1.98268	0.0647075	3.70747	1.4	1.4
-1.74339	-0.494653	1.8122	-0.00195516	-0.112023	1.4	1.4
-1.98513	-0.43897	2.03308	0.0588381	3.37118	1.4	1.4
-1.87706	-0.667072	1.99207	-0.123834	-7.09517	1.4	1.4
-1.93146	-0.695116	2.05273	-0.00399902	-0.229127	1.4	1.4
-1.77368	-0.465254	1.83369	0.0889298	5.0953	1.4	1.4
