#1 AntVel X	#2 AntVel Y	#3 Speed	#4 Turning Angle Rad		#5 Turning Angle Deg	#6 Detected Phero Left	#7 Detected Phero Right	
0	0.5	0.5	0	0	0	0
0	0.5	0.5	0	0	0	0
0	0.5	0.5	0	0	0	0
0	0.5	0.5	0	0	0	0
0	0.5	0.5	0	0	0	0
0	0.5	0.5	0	0	0	0
0	0.5	0.5	0	0	0	0
0	0.5	0.5	0	0	0	0
0	0.5	0.5	0	0	0	0
0	0.5	0.5	0	0	0	0
-0.0666498	1.21965	1.22147	-0.0545926	-3.12792	3.62485	3.62485
-0.242791	1.66545	1.68306	-0.0901688	-5.16629	3.72329	3.53448
-0.431307	1.78155	1.83302	-0.0927648	-5.31503	3.92482	3.38527
-0.646308	1.76582	1.88038	-0.11334	-6.49388	4.19136	3.23256
-0.851164	1.8456	2.03242	-0.0812503	-4.6553	4.59019	3.06391
-1.46751	1.72549	2.26515	-0.272663	-15.6224	4.9974	2.92357
-1.7632	1.47721	2.30023	-0.168649	-9.66286	5.18574	2.69814
-1.7917	1.22901	2.1727	-0.0961385	-5.50833	4.31387	2.55184
-1.82084	0.899986	2.03112	-0.142177	-8.14616	3.78436	2.43175
-1.83242	0.787251	1.99438	-0.0532727	-3.0523	3.25467	2.34464
-1.89928	0.716426	2.02991	-0.0450731	-2.5825	2.96481	2.24568
-1.9005	0.614978	1.99753	-0.0477538	-2.73609	2.72003	2.15106
-1.83478	0.538147	1.91207	-0.0276511	-1.58429	2.50597	2.06783
-1.91224	0.541426	1.98741	-0.00938685	-0.537827	2.34574	1.98976
-1.93879	0.472423	1.99551	-0.0369034	-2.11441	2.21605	1.91091
-1.75033	0.59801	1.84967	0.0902091	5.1686	2.08044	1.84826
-1.84843	0.554339	1.92977	-0.0378585	-2.16913	2.05595	1.76719
-1.81708	0.520183	1.89007	-0.0125455	-0.718806	1.94588	1.72202
-1.93901	0.502095	2.00297	-0.0254386	-1.45753	1.8663	1.6782
-1.91161	0.511457	1.97885	0.00805099	0.461288	1.78719	1.63937
-2.02398	0.477293	2.0795	-0.0298415	-1.70979	1.73343	1.60114
-2.21708	0.380474	2.24949	-0.0616329	-3.5313	1.67114	1.57153
-2.10646	0.398336	2.14379	0.0169409	0.970641	1.60794	1.54737
-2.03483	0.392283	2.0723	0.00355175	0.2035	1.57576	1.51969
-2.02435	0.420631	2.06759	0.0144231	0.826383	1.54677	1.4987
-2.02846	0.405498	2.06859	-0.00756682	-0.433547	1.52402	1.48056
-1.99325	0.387116	2.03049	-0.00547821	-0.313879	1.50172	1.46683
-1.81023	0.45683	1.86698	0.0553737	3.17268	1.48374	1.45545
-1.95838	0.469304	2.01383	-0.0119956	-0.687297	1.47571	1.44446
-2.30947	0.489306	2.36074	-0.0264216	-1.51385	1.46181	1.43711
-2.30679	0.399293	2.3411	-0.0373858	-2.14205	1.4478	1.43027
-2.44704	0.460586	2.49001	0.014649	0.839324	1.43641	1.42495
-2.18608	0.42314	2.22665	0.00515179	0.295176	1.4292	1.41935
-2.06822	0.409854	2.10843	0.00443622	0.254177	1.42372	1.41552
-2.00263	0.399708	2.04213	0.00136993	0.078491	1.41946	1.4126
-1.96099	0.319121	1.98679	-0.0356831	-2.04449	1.416	1.41031
-1.93131	0.312696	1.95646	-0.000804267	-0.0460811	1.41258	1.40877
-1.92784	0.423839	1.97388	0.0558931	3.20244	1.41037	1.40724
-1.92226	0.403277	1.96411	-0.00961509	-0.550904	1.40922	1.40569
-1.92663	0.752362	2.06833	0.165501	9.48251	1.40752	1.40473
-1.81341	0.912271	2.02995	0.0938053	5.37465	1.40782	1.40345
-1.82265	0.902733	2.03396	-0.00623154	-0.357041	1.40751	1.40273
-1.68643	0.978354	1.94968	0.0658135	3.77084	1.4062	1.40228
-1.66536	0.92342	1.90424	-0.0193994	-1.1115	1.4058	1.40187
-1.91452	0.723853	2.04679	-0.144809	-8.29694	1.40477	1.4016
-1.75276	0.612104	1.85657	-0.025492	-1.46058	1.40317	1.40143
-1.79855	0.629881	1.90565	0.000886308	0.0507817	1.40257	1.40122
-1.86428	0.591302	1.95581	-0.0297308	-1.70345	1.40215	1.40102
-1.71689	0.644639	1.83393	0.0520434	2.98187	1.40171	1.40086
-1.80164	0.658171	1.9181	-0.00892508	-0.511369	1.40155	1.4007
-1.84383	0.678103	1.96457	0.00216004	0.123761	1.40128	1.40059
-1.76748	0.674427	1.89178	0.012107	0.693681	1.40107	1.40049
-1.62421	0.592114	1.72877	-0.0149402	-0.856011	1.40091	1.40041
-1.75713	0.505664	1.82844	-0.0693758	-3.97494	1.40076	1.40035
-1.78595	0.546174	1.8676	0.0165785	0.949877	1.40058	1.40031
-1.73762	0.658795	1.85831	0.0656076	3.75904	1.40049	1.40025
-1.7857	0.744504	1.93468	0.0326196	1.86897	1.40045	1.4002
-1.77427	0.925782	2.00128	0.0859073	4.92213	1.4004	1.40017
-1.59411	0.835412	1.79975	0.00179038	0.102581	1.40038	1.40013
-1.65386	0.875486	1.87129	0.00414741	0.237629	1.40033	1.40011
-1.84641	0.856465	2.03538	-0.0525424	-3.01046	1.40028	1.4001
-1.64324	0.876108	1.8622	0.055506	3.18026	1.40021	1.40008
-1.65912	0.856878	1.86733	-0.0130869	-0.749825	1.4002	1.40007
-1.72053	0.902498	1.94287	0.00635642	0.364196	1.40016	1.40006
-1.74871	0.910929	1.97175	-0.00285261	-0.163443	1.40014	1.40005
-1.91097	1.05075	2.1808	0.022493	1.28875	1.40012	1.40004
-1.70626	0.941554	1.9488	0.00151205	0.086634	1.4001	1.40003
-1.85337	1.05494	2.13257	0.0132204	0.757475	1.40008	1.40003
-1.76656	1.02904	2.04442	0.00999871	0.572884	1.40007	1.40002
-1.75685	0.927353	1.98659	-0.0417846	-2.39408	1.40006	1.40002
-1.58869	1.13193	1.95069	0.133381	7.64217	1.40005	1.40002
-1.60179	1.16502	1.98065	0.00977078	0.559824	1.40005	1.40001
-1.61413	1.17246	1.99502	-0.000620749	-0.0355663	1.40004	1.40001
-1.67424	0.930131	1.91526	-0.121111	-6.93914	1.40004	1.40001
-1.7537	0.952935	1.99589	-0.00934843	-0.535625	1.40003	1.40001
-1.78568	1.01415	2.05357	0.0187606	1.0749	1.40002	1.40001
-1.58836	0.921177	1.83615	0.00904121	0.518023	1.40002	1.40001
-1.70743	0.989243	1.9733	-0.000434187	-0.0248771	1.40002	1.40001
-1.94727	1.07072	2.22223	-0.0223841	-1.28251	1.40001	1.4
-1.76927	0.952783	2.0095	-0.00874699	-0.501165	1.40001	1.4
-1.54869	1.1136	1.9075	0.129414	7.41487	1.40001	1.4
-1.58426	1.18889	1.98074	0.0203839	1.16791	1.40001	1.4
-1.56515	1.0868	1.90547	-0.0368433	-2.11097	1.40001	1.4
-1.62912	1.25131	2.05422	0.0480376	2.75235	1.40001	1.4
-1.71804	1.36371	2.19348	0.0159448	0.913572	1.40001	1.4
-1.5751	1.24576	2.0082	-0.00175093	-0.100321	1.40001	1.4
-1.63458	1.25227	2.05914	-0.0154391	-0.884593	1.4	1.4
-1.7567	1.18551	2.1193	-0.0600862	-3.44269	1.4	1.4
-1.90997	1.10966	2.20892	-0.067327	-3.85755	1.4	1.4
-1.78469	1.16677	2.13224	0.0527003	3.0195	1.4	1.4
-1.69695	1.09902	2.02176	-0.00430288	-0.246537	1.4	1.4
-1.55275	1.28206	2.01363	0.115481	6.61655	1.4	1.4
-1.52231	1.32005	2.01494	0.0241621	1.38439	1.4	1.4
-1.42303	1.38653	1.98682	0.0580479	3.3259	1.4	1.4
-1.55996	1.32818	2.04879	-0.0670888	-3.8439	1.4	1.4
-1.37715	1.18365	1.81593	0.00466012	0.267005	1.4	1.4
-1.47595	1.22812	1.92008	-0.0159747	-0.915281	1.4	1.4
-1.50868	1.2612	1.96641	0.00228435	0.130884	1.4	1.4
-1.79588	1.38786	2.26966	-0.0383528	-2.19746	1.4	1.4
-1.60905	1.234	2.02775	-0.00369866	-0.211918	1.4	1.4
-1.66991	0.939274	1.91594	-0.14187	-8.12854	1.4	1.4
-1.7204	0.823134	1.90718	-0.066103	-3.78742	1.4	1.4
-1.75475	0.773381	1.91762	-0.0311421	-1.78431	1.4	1.4
-1.90923	0.92118	2.11984	0.0344183	1.97202	1.4	1.4
-1.80558	0.984932	2.05674	0.0498372	2.85546	1.4	1.4
-1.60545	0.886078	1.83374	0.00493762	0.282905	1.4	1.4
-1.81543	0.826172	1.99458	-0.0772418	-4.42563	1.4	1.4
-1.98083	0.73415	2.1125	-0.072142	-4.13343	1.4	1.4
-1.81756	0.634291	1.92506	-0.0191662	-1.09814	1.4	1.4
-1.88486	0.665946	1.99904	0.00385894	0.221101	1.4	1.4
-1.94287	0.676889	2.0574	-0.00437823	-0.250854	1.4	1.4
-1.983	0.446493	2.03265	-0.113779	-6.51907	1.4	1.4
-1.96738	0.442738	2.01658	-0.000114809	-0.00657805	1.4	1.4
-2.02911	0.423691	2.07287	-0.015503	-0.888259	1.4	1.4
-2.01783	0.403036	2.05769	-0.00870556	-0.498792	1.4	1.4
-2.01505	0.40353	2.05506	0.000500249	0.0286622	1.4	1.4
-2.20014	0.346512	2.22726	-0.0414314	-2.37385	1.4	1.4
-2.08948	0.329308	2.11527	0.000104658	0.00599647	1.4	1.4
-1.91469	0.320435	1.94132	0.00950242	0.544449	1.4	1.4
-1.85599	0.440934	1.90765	0.0674305	3.86348	1.4	1.4
-2.1356	0.402701	2.17324	-0.0468725	-2.6856	1.4	1.4
-2.06572	0.387437	2.10174	-0.000975294	-0.0558802	1.4	1.4
-1.9311	0.436881	1.97991	0.0370869	2.12492	1.4	1.4
-1.92453	0.0892052	1.9266	-0.17617	-10.0938	1.4	1.4
-1.94958	0.292883	1.97146	0.102795	5.88971	1.4	1.4
-1.93568	0.157164	1.94205	-0.0680979	-3.90172	1.4	1.4
-2.22577	0.0176839	2.22584	-0.0730706	-4.18664	1.4	1.4
-2.14406	0.0410795	2.14445	0.0112124	0.642424	1.4	1.4
-2.06389	0.0749534	2.06525	0.0171433	0.982238	1.4	1.4
-2.04267	0.101348	2.04518	0.0132741	0.760549	1.4	1.4
-2.20419	0.0138831	2.20424	-0.0432763	-2.47955	1.4	1.4
-1.98374	-0.236664	1.99781	-0.125039	-7.1642	1.4	1.4
-1.98178	-0.198359	1.99168	0.0189813	1.08755	1.4	1.4
-2.0203	-0.200717	2.03024	0.000733677	0.0420366	1.4	1.4
-1.9521	-0.0730861	1.95346	0.0616031	3.5296	1.4	1.4
-2.05898	-0.0586315	2.05981	0.00895399	0.513026	1.4	1.4
-1.9709	0.130965	1.97525	0.09482	5.43279	1.4	1.4
-2.07192	0.14846	2.07723	0.00517937	0.296756	1.4	1.4
-1.85693	0.206315	1.86836	0.0391203	2.24143	1.4	1.4
-1.84136	0.226152	1.8552	0.0115546	0.66203	1.4	1.4
-1.94789	-0.0669697	1.94904	-0.156573	-8.97098	1.4	1.4
-1.92161	0.030665	1.92186	0.0503238	2.88334	1.4	1.4
-1.88804	0.0207364	1.88815	-0.00497398	-0.284988	1.4	1.4
-2.07481	0.0284388	2.075	0.00272322	0.156029	1.4	1.4
-1.82629	-0.13574	1.83132	-0.0878953	-5.03603	1.4	1.4
-1.6432	0.176462	1.65264	0.181169	10.3802	1.4	1.4
-1.56797	0.262745	1.58983	0.0590482	3.38321	1.4	1.4
-1.66532	0.355683	1.70288	0.0443924	2.54349	1.4	1.4
-1.84517	0.267917	1.86452	-0.0662291	-3.79465	1.4	1.4
-1.93988	0.250251	1.95596	-0.0158965	-0.910801	1.4	1.4
-1.9268	0.141427	1.93199	-0.055026	-3.15275	1.4	1.4
-2.14608	0.144956	2.15097	-0.00582644	-0.333831	1.4	1.4
-2.03806	0.138545	2.04276	0.00043223	0.0247649	1.4	1.4
-1.80501	-0.0295661	1.80525	-0.084253	-4.82734	1.4	1.4
-1.86878	-0.152084	1.87496	-0.0648239	-3.71414	1.4	1.4
-1.87804	-0.0103654	1.87807	0.0756833	4.33633	1.4	1.4
-1.97201	0.19237	1.98137	0.102762	5.88781	1.4	1.4
-1.98043	0.222473	1.99288	0.0146241	0.8379	1.4	1.4
-2.00012	0.217138	2.01187	-0.00372741	-0.213565	1.4	1.4
-1.98092	0.260619	1.998	0.0226737	1.29911	1.4	1.4
-1.83283	0.172061	1.84089	-0.03721	-2.13198	1.4	1.4
-1.90403	0.263887	1.92223	0.0441136	2.52752	1.4	1.4
-2.00597	0.196645	2.01558	-0.0399984	-2.29174	1.4	1.4
-2.01849	0.174055	2.02598	-0.0117005	-0.670387	1.4	1.4
-1.92882	0.00420954	1.92882	-0.0838352	-4.8034	1.4	1.4
-1.81002	-0.0310127	1.81029	-0.0193146	-1.10665	1.4	1.4
-1.96975	-0.120393	1.97343	-0.0439126	-2.516	1.4	1.4
-2.01947	-0.110883	2.02251	0.0061928	0.354821	1.4	1.4
-2.29623	-0.0342051	2.29649	0.0399569	2.28936	1.4	1.4
-2.35903	0.337632	2.38307	0.157053	8.99847	1.4	1.4
-2.29452	0.229228	2.30594	-0.0425858	-2.43999	1.4	1.4
-2.1415	0.20795	2.15157	-0.00277067	-0.158748	1.4	1.4
-1.97254	0.154249	1.97856	-0.0187621	-1.07499	1.4	1.4
-1.86235	0.177208	1.87076	0.016828	0.964173	1.4	1.4
-1.87131	0.363367	1.90627	0.0969237	5.55332	1.4	1.4
-2.0036	0.273579	2.0222	-0.0560866	-3.21353	1.4	1.4
-1.73983	0.244675	1.75695	0.0040109	0.229808	1.4	1.4
-1.91864	0.133925	1.92331	-0.0700263	-4.01221	1.4	1.4
-1.9013	-0.142285	1.90662	-0.144385	-8.27267	1.4	1.4
-1.77275	-0.160788	1.78003	-0.0157557	-0.902736	1.4	1.4
-1.88064	-0.171083	1.8884	-0.000269282	-0.0154287	1.4	1.4
-2.02319	-0.296649	2.04482	-0.0548656	-3.14357	1.4	1.4
-2.00571	-0.328607	2.03245	-0.0168059	-0.96291	1.4	1.4
-1.79077	-0.174786	1.79928	0.0650974	3.7298	1.4	1.4
-2.14638	-0.249054	2.16078	-0.0182226	-1.04408	1.4	1.4
-2.05832	-0.0386537	2.05868	0.0967411	5.54286	1.4	1.4
-2.05948	-0.0448876	2.05997	-0.00301517	-0.172756	1.4	1.4
-2.02874	-0.0665028	2.02983	-0.0109765	-0.628905	1.4	1.4
-1.85947	0.0968359	1.86199	0.0847987	4.85861	1.4	1.4
-1.79589	0.265644	1.81543	0.0948232	5.43297	1.4	1.4
